"NodeId","OutDegree","InDegree","TotalActivity"
"2565","893","274","1167"
"1549","587","245","832"
"11","743","32","775"
"766","773","0","773"
"1166","599","144","743"
"457","732","0","732"
"2688","618","0","618"
"1374","462","89","551"
"1151","472","71","543"
"5524","389","149","538"
"3352","273","264","537"
"762","50","480","530"
"2485","324","160","484"
"2328","215","266","481"
"789","317","155","472"
"4037","15","457","472"
"3456","241","223","464"
"737","232","231","463"
"6","302","143","445"
"2871","282","162","444"
"29","150","293","443"
"15","50","387","437"
"5079","271","165","436"
"2651","269","162","431"
"1608","355","73","428"
"5802","385","41","426"
"2237","241","181","422"
"993","238","181","419"
"2972","357","46","403"
"2398","62","340","402"
"1133","399","0","399"
"3453","319","67","386"
"1297","76","309","385"
"2658","307","77","384"
"5189","312","63","375"
"24","309","61","370"
"311","321","47","368"
"173","334","32","366"
"1305","290","73","363"
"3642","362","0","362"
"4967","361","0","361"
"2256","247","107","354"
"3447","271","81","352"
"2576","146","192","338"
"5022","172","162","334"
"5697","230","104","334"
"2625","0","331","331"
"813","272","50","322"
"722","264","56","320"
"4099","155","164","319"
"4712","121","197","318"
"72","164","154","318"
"5179","217","101","318"
"2654","104","213","317"
"3449","314","0","314"
"4828","168","141","309"
"1098","305","0","305"
"2326","252","49","301"
"5254","33","265","298"
"996","297","0","297"
"3976","145","148","293"
"988","292","0","292"
"3026","175","113","288"
"4632","228","58","286"
"1496","210","74","284"
"1542","244","39","283"
"3459","92","191","283"
"5543","137","145","282"
"2411","141","140","281"
"3568","147","134","281"
"407","145","135","280"
"5188","211","69","280"
"2145","145","135","280"
"2535","47","232","279"
"4191","20","259","279"
"4310","278","0","278"
"28","133","144","277"
"3787","232","45","277"
"826","249","27","276"
"2653","113","162","275"
"68","275","0","275"
"3028","189","85","274"
"2297","164","107","271"
"1428","183","88","271"
"825","165","105","270"
"8","182","87","269"
"1211","79","188","267"
"306","244","22","266"
"36","227","34","261"
"4335","32","228","260"
"4045","257","0","257"
"6907","191","64","255"
"3614","205","50","255"
"4536","81","173","254"
"2066","0","254","254"
"2713","200","54","254"
"1319","181","72","253"
"784","224","28","252"
"2693","149","101","250"
"1492","157","93","250"
"3615","144","106","250"
"5002","115","135","250"
"3089","4","244","248"
"7092","93","155","248"
"5814","144","104","248"
"3796","113","132","245"
"3586","156","88","244"
"6305","190","53","243"
"5531","243","0","243"
"3454","148","94","242"
"2323","111","130","241"
"2369","189","51","240"
"1919","112","128","240"
"3394","156","82","238"
"2967","238","0","238"
"2859","139","94","233"
"1167","158","73","231"
"3334","13","217","230"
"310","230","0","230"
"4483","153","77","230"
"6327","108","122","230"
"86","122","108","230"
"1972","181","47","228"
"312","227","0","227"
"122","213","13","226"
"2135","146","79","225"
"4653","114","110","224"
"7052","142","82","224"
"35","65","158","223"
"2474","142","81","223"
"4441","202","21","223"
"5800","222","0","222"
"1055","196","25","221"
"2686","156","63","219"
"6914","95","124","219"
"5412","0","219","219"
"1210","218","0","218"
"3381","180","37","217"
"319","199","18","217"
"3032","216","0","216"
"7047","161","54","215"
"3084","62","153","215"
"4948","214","0","214"
"600","214","0","214"
"3276","79","134","213"
"1717","96","117","213"
"4899","169","44","213"
"56","24","189","213"
"3641","212","0","212"
"1772","141","71","212"
"1808","129","82","211"
"663","158","53","211"
"2516","44","167","211"
"432","157","53","210"
"2657","44","165","209"
"1357","91","117","208"
"2371","124","84","208"
"6596","177","31","208"
"346","86","121","207"
"6634","3","203","206"
"3452","131","74","205"
"1922","204","0","204"
"1585","102","101","203"
"3192","56","146","202"
"922","149","51","200"
"2667","126","73","199"
"1395","199","0","199"
"2504","100","99","199"
"633","55","143","198"
"3498","114","83","197"
"1633","0","195","195"
"6624","135","60","195"
"4735","0","195","195"
"3291","58","137","195"
"87","195","0","195"
"3897","9","186","195"
"656","0","194","194"
"1186","0","193","193"
"3537","0","193","193"
"1062","156","37","193"
"308","142","50","192"
"3631","91","101","192"
"271","0","192","192"
"5796","191","0","191"
"769","146","44","190"
"109","190","0","190"
"7553","0","190","190"
"2062","121","68","189"
"1026","0","189","189"
"317","140","49","189"
"3439","88","100","188"
"1352","121","67","188"
"1279","124","64","188"
"4065","131","57","188"
"20","187","0","187"
"3634","82","105","187"
"3117","0","186","186"
"1473","91","95","186"
"2775","35","151","186"
"5176","139","46","185"
"6946","68","117","185"
"1814","105","79","184"
"2542","93","90","183"
"6299","78","104","182"
"4875","0","181","181"
"2560","180","0","180"
"7632","0","178","178"
"58","38","139","177"
"6006","68","109","177"
"5123","69","108","177"
"2958","47","129","176"
"3562","40","136","176"
"2585","60","116","176"
"5103","127","48","175"
"44","44","131","175"
"214","0","175","175"
"5459","0","175","175"
"5484","22","153","175"
"904","119","55","174"
"4124","50","123","173"
"5233","24","149","173"
"2790","173","0","173"
"2707","103","70","173"
"3238","28","145","173"
"46","59","113","172"
"2594","45","127","172"
"3258","95","76","171"
"2381","71","100","171"
"946","110","61","171"
"2674","103","67","170"
"6832","0","170","170"
"3404","89","81","170"
"4666","24","145","169"
"704","81","87","168"
"2700","168","0","168"
"3034","38","130","168"
"1521","99","67","166"
"313","54","112","166"
"3457","166","0","166"
"5806","83","82","165"
"1982","29","136","165"
"856","91","74","165"
"8293","0","164","164"
"2660","164","0","164"
"299","0","163","163"
"1385","35","128","163"
"521","5","158","163"
"255","86","76","162"
"2623","108","54","162"
"4795","73","89","162"
"1615","162","0","162"
"3813","94","68","162"
"5822","98","64","162"
"3479","102","59","161"
"3005","28","133","161"
"3443","20","141","161"
"6618","91","69","160"
"697","100","60","160"
"6615","160","0","160"
"1006","138","22","160"
"247","11","149","160"
"978","65","95","160"
"27","102","58","160"
"3144","88","72","160"
"1487","117","42","159"
"1701","112","47","159"
"634","150","9","159"
"3643","44","115","159"
"127","132","27","159"
"2547","105","52","157"
"5404","40","117","157"
"1137","135","22","157"
"6784","42","115","157"
"686","83","73","156"
"1470","156","0","156"
"1734","55","101","156"
"2747","79","77","156"
"2619","46","110","156"
"3024","52","104","156"
"55","64","91","155"
"2174","65","89","154"
"5773","75","78","153"
"2774","46","107","153"
"431","0","152","152"
"136","99","53","152"
"5185","152","0","152"
"1267","61","90","151"
"707","123","28","151"
"5714","44","107","151"
"71","109","42","151"
"5655","139","11","150"
"4044","89","61","150"
"3812","53","97","150"
"4041","68","82","150"
"2593","32","118","150"
"4824","101","48","149"
"2229","143","5","148"
"4964","60","88","148"
"4036","147","0","147"
"1029","135","12","147"
"1842","0","147","147"
"941","80","66","146"
"4219","112","34","146"
"6714","100","46","146"
"3691","95","51","146"
"47","146","0","146"
"348","21","125","146"
"6555","35","111","146"
"1754","23","122","145"
"5423","48","97","145"
"2258","95","50","145"
"5582","105","39","144"
"5818","67","77","144"
"2072","121","23","144"
"3666","144","0","144"
"1956","0","144","144"
"2225","34","109","143"
"221","10","133","143"
"6032","80","63","143"
"1997","88","55","143"
"204","12","131","143"
"6665","29","114","143"
"546","142","0","142"
"6934","65","77","142"
"3092","81","61","142"
"371","117","24","141"
"266","13","128","141"
"3724","93","48","141"
"4717","62","78","140"
"282","39","101","140"
"23","74","66","140"
"4981","53","87","140"
"3854","82","58","140"
"1621","80","59","139"
"1522","139","0","139"
"1538","81","58","139"
"5020","139","0","139"
"5817","75","63","138"
"829","0","137","137"
"1769","67","70","137"
"579","4","133","137"
"5811","79","58","137"
"1835","73","64","137"
"6774","24","113","137"
"3635","63","74","137"
"1236","103","34","137"
"2851","44","92","136"
"5178","19","117","136"
"224","13","123","136"
"14","114","22","136"
"2696","64","72","136"
"3956","85","51","136"
"5262","59","76","135"
"1622","50","85","135"
"805","90","45","135"
"4448","36","99","135"
"6913","44","90","134"
"4297","38","96","134"
"1097","88","46","134"
"2144","23","111","134"
"259","56","78","134"
"178","63","70","133"
"5301","61","71","132"
"5998","81","50","131"
"3645","40","90","130"
"2133","129","1","130"
"3541","81","49","130"
"1193","31","99","130"
"2508","13","117","130"
"974","36","93","129"
"3027","39","90","129"
"2231","66","63","129"
"3969","90","39","129"
"3274","69","59","128"
"2117","23","105","128"
"1799","48","80","128"
"4338","40","88","128"
"1247","77","50","127"
"279","0","127","127"
"5288","0","126","126"
"5839","41","85","126"
"706","95","31","126"
"59","94","32","126"
"2697","45","81","126"
"5263","75","51","126"
"2746","25","101","126"
"4247","0","126","126"
"2727","33","93","126"
"315","77","49","126"
"2264","58","67","125"
"75","31","94","125"
"5871","50","75","125"
"17","45","80","125"
"304","79","46","125"
"1201","35","90","125"
"3","23","102","125"
"1847","47","77","124"
"4138","64","60","124"
"2822","43","81","124"
"7809","0","124","124"
"1555","79","45","124"
"2842","124","0","124"
"4587","27","97","124"
"4687","23","101","124"
"2940","123","0","123"
"74","69","54","123"
"3010","123","0","123"
"172","123","0","123"
"171","70","53","123"
"7086","123","0","123"
"695","118","5","123"
"216","8","114","122"
"3402","122","0","122"
"5173","122","0","122"
"6523","33","89","122"
"3843","18","104","122"
"879","122","0","122"
"2909","57","65","122"
"2276","32","90","122"
"763","68","54","122"
"4792","62","60","122"
"6272","76","46","122"
"1111","60","62","122"
"2120","122","0","122"
"425","79","42","121"
"3455","68","53","121"
"556","121","0","121"
"5445","63","58","121"
"2257","49","72","121"
"391","1","120","121"
"3755","0","121","121"
"742","93","28","121"
"2932","62","59","121"
"2114","39","82","121"
"2384","72","49","121"
"7225","47","74","121"
"5872","27","93","120"
"3033","45","75","120"
"971","72","48","120"
"2290","120","0","120"
"5321","32","88","120"
"2354","1","118","119"
"937","46","73","119"
"1688","25","94","119"
"5739","45","74","119"
"5775","42","77","119"
"168","9","110","119"
"7057","118","0","118"
"1697","70","48","118"
"1661","66","52","118"
"8295","0","118","118"
"5028","43","74","117"
"2506","46","71","117"
"4574","40","77","117"
"1855","12","105","117"
"2831","39","78","117"
"1350","117","0","117"
"3191","68","48","116"
"417","9","107","116"
"365","8","108","116"
"4261","24","92","116"
"3458","69","47","116"
"2923","35","81","116"
"5819","61","55","116"
"608","3","113","116"
"1471","72","44","116"
"1453","0","116","116"
"6414","21","94","115"
"1135","115","0","115"
"4073","115","0","115"
"3059","32","83","115"
"857","0","115","115"
"3461","101","13","114"
"2356","57","57","114"
"2605","64","50","114"
"2595","49","65","114"
"4547","45","69","114"
"1594","114","0","114"
"2118","113","0","113"
"6123","24","89","113"
"788","113","0","113"
"2375","49","64","113"
"1286","65","48","113"
"502","4","109","113"
"151","74","39","113"
"1164","39","73","112"
"25","90","22","112"
"1583","87","25","112"
"3408","0","112","112"
"3958","15","97","112"
"2655","49","63","112"
"2251","25","87","112"
"2252","22","90","112"
"2646","39","72","111"
"182","79","32","111"
"1783","57","54","111"
"1489","64","47","111"
"4070","111","0","111"
"6993","81","30","111"
"326","12","99","111"
"3253","0","110","110"
"3516","0","110","110"
"2456","31","79","110"
"1888","36","73","109"
"896","26","83","109"
"2981","44","65","109"
"871","59","50","109"
"4212","53","56","109"
"5439","66","43","109"
"1966","18","91","109"
"1253","51","57","108"
"2240","108","0","108"
"51","24","84","108"
"2102","45","63","108"
"7021","15","93","108"
"2968","55","53","108"
"5529","39","69","108"
"5563","2","106","108"
"3748","30","77","107"
"1200","107","0","107"
"6156","22","85","107"
"94","80","27","107"
"12","65","42","107"
"3417","30","77","107"
"1074","95","11","106"
"152","21","85","106"
"3321","18","88","106"
"465","17","89","106"
"1482","26","79","105"
"199","17","88","105"
"6979","0","105","105"
"3009","51","54","105"
"66","44","61","105"
"791","41","64","105"
"710","105","0","105"
"8294","0","105","105"
"1075","74","31","105"
"5449","0","104","104"
"749","66","38","104"
"1705","47","57","104"
"372","4","100","104"
"6619","104","0","104"
"665","7","97","104"
"4040","104","0","104"
"6241","75","29","104"
"411","1","102","103"
"2473","103","0","103"
"4011","0","103","103"
"314","1","102","103"
"6218","53","50","103"
"677","2","101","103"
"3962","4","99","103"
"383","45","57","102"
"2209","31","71","102"
"6976","41","61","102"
"5596","30","72","102"
"2507","69","33","102"
"4846","34","68","102"
"5177","101","1","102"
"6494","101","0","101"
"1514","0","101","101"
"2322","19","82","101"
"5605","11","90","101"
"7231","101","0","101"
"155","28","73","101"
"2001","39","62","101"
"339","80","20","100"
"4179","0","100","100"
"765","0","100","100"
"4550","100","0","100"
"2643","0","100","100"
"215","100","0","100"
"4709","25","75","100"
"4256","0","100","100"
"1992","16","83","99"
"854","99","0","99"
"368","1","98","99"
"5804","33","66","99"
"3786","99","0","99"
"212","1","97","98"
"7055","98","0","98"
"705","28","70","98"
"3587","15","83","98"
"650","98","0","98"
"7391","52","46","98"
"3451","98","0","98"
"3014","0","97","97"
"865","97","0","97"
"302","13","84","97"
"1749","68","29","97"
"1767","97","0","97"
"5106","33","64","97"
"1416","13","84","97"
"3007","15","82","97"
"4578","0","97","97"
"2285","17","79","96"
"1566","46","50","96"
"1836","16","80","96"
"576","1","95","96"
"4673","96","0","96"
"6833","1","95","96"
"2785","1","95","96"
"7414","0","95","95"
"7301","27","68","95"
"2134","14","81","95"
"26","95","0","95"
"7378","38","57","95"
"4661","19","76","95"
"110","95","0","95"
"6458","28","67","95"
"1127","62","33","95"
"6004","6","88","94"
"143","94","0","94"
"1291","34","60","94"
"7279","19","75","94"
"3015","44","50","94"
"251","8","86","94"
"4361","6","88","94"
"3892","0","94","94"
"1918","20","74","94"
"5335","0","94","94"
"4983","4","89","93"
"7587","0","93","93"
"358","0","93","93"
"166","93","0","93"
"38","14","79","93"
"429","5","88","93"
"1700","93","0","93"
"4266","11","82","93"
"6620","93","0","93"
"1893","0","93","93"
"4662","46","47","93"
"2364","14","79","93"
"5857","92","0","92"
"7478","0","92","92"
"5226","17","75","92"
"3792","27","65","92"
"332","0","92","92"
"3607","24","68","92"
"4276","52","40","92"
"5799","23","69","92"
"7131","24","68","92"
"1185","43","49","92"
"3265","0","92","92"
"3125","16","75","91"
"6736","33","58","91"
"4764","53","38","91"
"1792","31","60","91"
"1419","41","50","91"
"4071","17","74","91"
"1991","66","25","91"
"5743","0","91","91"
"959","12","78","90"
"1384","37","53","90"
"1221","77","13","90"
"2416","37","53","90"
"1820","90","0","90"
"5963","0","90","90"
"3148","26","64","90"
"6918","29","61","90"
"7054","40","50","90"
"2912","33","57","90"
"3297","51","39","90"
"4748","38","52","90"
"1729","19","70","89"
"5812","41","48","89"
"3661","36","53","89"
"2618","53","36","89"
"6043","39","50","89"
"52","1","88","89"
"4162","16","73","89"
"2324","3","86","89"
"4781","27","62","89"
"7280","89","0","89"
"3803","10","79","89"
"6229","19","70","89"
"113","89","0","89"
"4046","89","0","89"
"1811","43","46","89"
"42","89","0","89"
"1756","89","0","89"
"3965","89","0","89"
"1537","68","20","88"
"5199","22","66","88"
"6270","88","0","88"
"2517","5","83","88"
"7115","0","88","88"
"4315","29","59","88"
"5829","12","76","88"
"626","31","57","88"
"1525","35","52","87"
"4488","50","37","87"
"3557","10","77","87"
"4201","2","85","87"
"1307","0","87","87"
"1031","19","68","87"
"3660","87","0","87"
"2872","87","0","87"
"3473","0","87","87"
"5886","0","87","87"
"6097","26","61","87"
"243","2","84","86"
"1037","86","0","86"
"5902","1","85","86"
"1571","24","62","86"
"4076","86","0","86"
"10","86","0","86"
"6496","0","85","85"
"5457","44","41","85"
"2689","38","47","85"
"6486","85","0","85"
"3728","85","0","85"
"7908","0","85","85"
"5110","84","0","84"
"643","46","38","84"
"6772","77","7","84"
"7961","0","84","84"
"5454","19","65","84"
"5816","84","0","84"
"4151","84","0","84"
"1157","2","82","84"
"3835","35","49","84"
"3806","45","38","83"
"1823","49","34","83"
"3056","44","39","83"
"3136","0","83","83"
"513","4","79","83"
"5624","28","55","83"
"6855","14","69","83"
"2877","0","82","82"
"453","1","81","82"
"403","20","62","82"
"334","41","41","82"
"1744","8","74","82"
"39","41","41","82"
"103","68","14","82"
"2559","82","0","82"
"4384","0","82","82"
"4531","14","68","82"
"761","8","74","82"
"1977","34","48","82"
"2819","18","64","82"
"494","3","78","81"
"4055","3","78","81"
"6359","81","0","81"
"1679","0","81","81"
"5452","17","64","81"
"1733","42","39","81"
"6715","0","81","81"
"3307","0","81","81"
"2433","2","79","81"
"698","11","70","81"
"9","81","0","81"
"4463","0","81","81"
"1552","81","0","81"
"644","27","54","81"
"3873","4","77","81"
"8174","0","80","80"
"1234","16","64","80"
"4013","21","59","80"
"2794","0","80","80"
"795","60","20","80"
"759","77","3","80"
"128","80","0","80"
"4353","80","0","80"
"5190","80","0","80"
"5246","44","36","80"
"2702","80","0","80"
"1564","27","53","80"
"3018","19","61","80"
"1497","28","52","80"
"244","4","75","79"
"7699","0","79","79"
"154","61","18","79"
"1184","79","0","79"
"3463","56","23","79"
"7386","25","54","79"
"404","5","74","79"
"1612","68","11","79"
"6306","0","79","79"
"3168","79","0","79"
"4894","79","0","79"
"2612","29","50","79"
"439","8","70","78"
"2365","77","1","78"
"4811","0","78","78"
"5155","24","54","78"
"6243","35","43","78"
"4021","0","78","78"
"994","45","33","78"
"4829","78","0","78"
"5055","0","78","78"
"7233","22","56","78"
"1723","1","76","77"
"1985","56","21","77"
"7063","16","61","77"
"1285","31","46","77"
"3284","20","57","77"
"4077","77","0","77"
"2557","77","0","77"
"451","1","76","77"
"2811","19","58","77"
"2289","14","63","77"
"3002","5","72","77"
"986","77","0","77"
"1261","8","69","77"
"5683","0","77","77"
"1049","3","74","77"
"982","47","30","77"
"303","3","74","77"
"280","76","0","76"
"844","45","31","76"
"4144","76","0","76"
"21","76","0","76"
"1284","20","56","76"
"4485","12","64","76"
"6221","31","45","76"
"1748","76","0","76"
"2016","13","63","76"
"4994","19","57","76"
"2856","5","71","76"
"1035","12","64","76"
"6044","2","73","75"
"1353","30","45","75"
"2704","75","0","75"
"5037","18","57","75"
"5947","0","75","75"
"6323","44","31","75"
"3682","75","0","75"
"341","47","28","75"
"6869","1","74","75"
"2472","75","0","75"
"2236","75","0","75"
"3393","10","65","75"
"4072","29","46","75"
"229","0","75","75"
"1248","21","54","75"
"4211","65","10","75"
"6875","15","59","74"
"1024","41","33","74"
"262","0","74","74"
"5828","0","74","74"
"5827","15","59","74"
"1506","41","33","74"
"6417","0","74","74"
"4929","9","65","74"
"2699","74","0","74"
"6347","11","63","74"
"5182","14","59","73"
"4424","0","73","73"
"4827","1","72","73"
"2963","0","73","73"
"257","8","65","73"
"147","58","15","73"
"5824","41","32","73"
"5932","33","40","73"
"2592","13","60","73"
"4534","19","54","73"
"4999","0","73","73"
"1378","14","59","73"
"6151","13","60","73"
"545","24","49","73"
"1614","73","0","73"
"6422","11","62","73"
"283","2","71","73"
"397","1","71","72"
"125","29","43","72"
"3529","0","72","72"
"138","72","0","72"
"5295","22","50","72"
"1596","29","43","72"
"2973","0","72","72"
"5482","12","60","72"
"5092","0","72","72"
"2754","0","72","72"
"3103","5","67","72"
"4401","9","63","72"
"90","72","0","72"
"1377","33","39","72"
"5684","18","54","72"
"3903","0","72","72"
"764","34","37","71"
"564","15","56","71"
"290","71","0","71"
"6337","0","71","71"
"3489","0","71","71"
"256","10","61","71"
"4598","71","0","71"
"2685","0","71","71"
"5479","28","43","71"
"3073","34","37","71"
"1322","12","59","71"
"6124","0","71","71"
"5204","0","71","71"
"8192","0","71","71"
"3522","71","0","71"
"8291","0","71","71"
"3898","2","69","71"
"2549","70","0","70"
"1648","0","70","70"
"4269","3","67","70"
"321","27","43","70"
"4437","70","0","70"
"1413","0","70","70"
"3752","15","55","70"
"325","25","45","70"
"947","27","43","70"
"2964","70","0","70"
"7080","70","0","70"
"2193","12","58","70"
"1403","3","67","70"
"6443","70","0","70"
"3346","5","65","70"
"415","4","66","70"
"5273","12","58","70"
"1706","4","66","70"
"5844","0","69","69"
"249","15","54","69"
"2397","0","69","69"
"1278","69","0","69"
"5072","3","66","69"
"192","19","50","69"
"2109","47","22","69"
"7839","0","69","69"
"2768","40","29","69"
"5545","0","69","69"
"4797","0","69","69"
"4127","41","28","69"
"2510","68","0","68"
"2544","11","57","68"
"2951","19","49","68"
"2128","3","65","68"
"1964","13","55","68"
"935","22","46","68"
"679","3","65","68"
"2129","44","24","68"
"4355","50","18","68"
"5184","68","0","68"
"4715","11","57","68"
"1547","28","40","68"
"6789","11","57","68"
"2325","2","66","68"
"728","5","63","68"
"956","42","26","68"
"1592","30","38","68"
"7649","10","58","68"
"6437","0","67","67"
"1125","37","30","67"
"2299","67","0","67"
"2435","35","32","67"
"1501","38","29","67"
"2708","9","58","67"
"2071","7","60","67"
"5936","2","65","67"
"3173","7","60","67"
"817","0","67","67"
"6505","0","67","67"
"967","16","51","67"
"1915","33","34","67"
"285","6","61","67"
"139","37","30","67"
"659","14","53","67"
"96","2","65","67"
"1603","16","51","67"
"5144","0","66","66"
"647","32","34","66"
"108","2","64","66"
"2151","0","66","66"
"635","66","0","66"
"7277","4","62","66"
"5437","26","40","66"
"549","4","62","66"
"543","1","65","66"
"1202","66","0","66"
"366","14","52","66"
"1239","1","65","66"
"1259","45","21","66"
"2765","29","37","66"
"1816","10","56","66"
"7237","15","51","66"
"5612","66","0","66"
"2387","66","0","66"
"4299","0","66","66"
"4263","1","65","66"
"1034","33","33","66"
"4814","20","45","65"
"37","20","45","65"
"4796","4","61","65"
"1123","0","65","65"
"1215","65","0","65"
"5392","0","65","65"
"7924","2","63","65"
"2955","0","65","65"
"5584","12","53","65"
"838","36","29","65"
"908","9","56","65"
"5925","0","64","64"
"4953","0","64","64"
"1199","2","62","64"
"4098","8","56","64"
"1053","0","64","64"
"3807","0","64","64"
"7862","11","53","64"
"7295","13","51","64"
"5083","0","64","64"
"3624","64","0","64"
"3527","64","0","64"
"84","1","63","64"
"131","0","64","64"
"756","0","64","64"
"1859","3","61","64"
"294","1","63","64"
"2617","22","42","64"
"3926","0","64","64"
"3351","0","64","64"
"3371","0","64","64"
"6098","1","62","63"
"1380","63","0","63"
"6552","29","34","63"
"4719","0","63","63"
"2009","63","0","63"
"5012","14","49","63"
"2003","63","0","63"
"3366","63","0","63"
"6441","0","63","63"
"7662","0","63","63"
"6388","0","63","63"
"3029","2","61","63"
"1718","0","63","63"
"2787","4","59","63"
"1129","62","0","62"
"3106","5","57","62"
"1241","35","27","62"
"2587","12","50","62"
"5527","2","60","62"
"5096","14","48","62"
"4175","8","54","62"
"6481","0","62","62"
"1335","62","0","62"
"1103","9","53","62"
"2763","0","62","62"
"1441","41","21","62"
"2338","6","56","62"
"2834","5","57","62"
"3251","0","62","62"
"678","1","61","62"
"356","18","43","61"
"859","13","48","61"
"1204","61","0","61"
"1203","22","39","61"
"7108","0","61","61"
"2999","7","54","61"
"5897","2","59","61"
"514","0","61","61"
"5693","0","61","61"
"1386","61","0","61"
"2703","61","0","61"
"841","61","0","61"
"3946","0","61","61"
"1774","0","61","61"
"751","1","60","61"
"1315","6","55","61"
"667","19","42","61"
"1707","34","27","61"
"5026","0","61","61"
"4706","3","58","61"
"2116","20","41","61"
"2186","61","0","61"
"19","39","22","61"
"578","1","60","61"
"5378","17","44","61"
"1646","5","56","61"
"1032","39","21","60"
"6148","0","60","60"
"8134","1","59","60"
"693","1","59","60"
"5061","13","47","60"
"7005","13","47","60"
"4365","0","60","60"
"1165","13","47","60"
"276","7","53","60"
"3871","5","55","60"
"1464","0","60","60"
"1726","0","60","60"
"3483","20","40","60"
"2014","10","50","60"
"1000","60","0","60"
"948","29","31","60"
"7381","0","60","60"
"2332","36","24","60"
"236","39","21","60"
"3390","60","0","60"
"1014","0","60","60"
"4043","0","60","60"
"3021","7","53","60"
"739","0","60","60"
"301","1","59","60"
"4688","59","0","59"
"3309","4","55","59"
"64","1","58","59"
"6566","0","59","59"
"6328","0","59","59"
"73","13","46","59"
"781","8","51","59"
"4422","15","44","59"
"5798","12","47","59"
"5671","3","56","59"
"5651","1","58","59"
"7351","2","57","59"
"2579","0","59","59"
"4233","2","57","59"
"80","59","0","59"
"5922","7","52","59"
"1781","6","52","58"
"1498","6","52","58"
"7624","0","58","58"
"6563","58","0","58"
"6460","58","0","58"
"4103","1","57","58"
"2828","0","58","58"
"5341","2","56","58"
"4713","0","58","58"
"31","15","43","58"
"318","3","55","58"
"6501","17","41","58"
"5148","0","58","58"
"241","8","50","58"
"33","24","34","58"
"1777","1","57","58"
"5891","0","58","58"
"7833","4","54","58"
"4289","0","58","58"
"2662","2","56","58"
"5637","0","58","58"
"2665","6","52","58"
"3338","3","55","58"
"4798","4","54","58"
"3919","15","42","57"
"1838","57","0","57"
"7763","0","57","57"
"6941","57","0","57"
"7443","10","47","57"
"132","29","28","57"
"7544","11","46","57"
"1573","0","57","57"
"5994","0","57","57"
"3293","10","47","57"
"689","47","10","57"
"5721","10","47","57"
"2085","28","29","57"
"5863","0","57","57"
"5928","4","53","57"
"5463","0","57","57"
"5162","5","52","57"
"1132","57","0","57"
"5073","0","57","57"
"406","34","23","57"
"4938","12","45","57"
"5738","14","43","57"
"3348","25","32","57"
"4453","0","57","57"
"6442","4","53","57"
"733","8","49","57"
"4686","57","0","57"
"3995","57","0","57"
"4528","0","57","57"
"8042","1","55","56"
"482","0","56","56"
"4432","8","48","56"
"3164","0","56","56"
"2157","0","56","56"
"133","10","46","56"
"5487","30","26","56"
"3433","9","47","56"
"2805","0","56","56"
"5432","4","52","56"
"6023","30","26","56"
"6227","2","54","56"
"275","56","0","56"
"161","32","24","56"
"887","1","55","56"
"895","6","50","56"
"1787","0","55","55"
"4347","55","0","55"
"4373","0","55","55"
"4962","0","55","55"
"5776","14","41","55"
"6246","0","55","55"
"627","0","55","55"
"3350","55","0","55"
"1667","55","0","55"
"2815","11","44","55"
"5","23","32","55"
"6262","1","54","55"
"637","25","30","55"
"5807","27","28","55"
"1393","4","51","55"
"2988","55","0","55"
"7214","0","55","55"
"2093","55","0","55"
"1908","9","46","55"
"2511","8","47","55"
"7803","0","54","54"
"568","1","53","54"
"3462","54","0","54"
"258","6","48","54"
"6510","54","0","54"
"8178","0","54","54"
"6251","0","54","54"
"6916","54","0","54"
"5102","54","0","54"
"5289","6","48","54"
"2925","19","35","54"
"6955","0","54","54"
"5285","21","33","54"
"587","18","36","54"
"6072","54","0","54"
"1484","0","54","54"
"180","54","0","54"
"5125","54","0","54"
"7795","0","54","54"
"2241","14","40","54"
"1468","20","33","53"
"1","0","53","53"
"6994","19","34","53"
"3885","2","51","53"
"6001","5","48","53"
"32","4","49","53"
"79","53","0","53"
"7168","0","53","53"
"7757","0","53","53"
"1159","2","51","53"
"2809","0","53","53"
"836","26","27","53"
"4527","14","39","53"
"893","0","53","53"
"3477","53","0","53"
"8121","0","53","53"
"7012","10","43","53"
"1483","52","0","52"
"1381","52","0","52"
"5121","9","43","52"
"7882","11","41","52"
"636","11","41","52"
"5222","1","51","52"
"3601","52","0","52"
"5053","52","0","52"
"5511","3","49","52"
"672","1","51","52"
"4884","4","48","52"
"1593","0","52","52"
"715","23","29","52"
"4613","0","52","52"
"3937","0","52","52"
"4349","0","52","52"
"853","16","36","52"
"1424","52","0","52"
"7855","0","52","52"
"4298","9","43","52"
"6595","12","40","52"
"3055","52","0","52"
"8051","8","44","52"
"6765","1","51","52"
"6498","0","52","52"
"2724","10","42","52"
"1548","4","48","52"
"6280","52","0","52"
"6613","9","43","52"
"5915","52","0","52"
"3020","52","0","52"
"708","51","0","51"
"4791","1","50","51"
"3847","0","51","51"
"7449","39","12","51"
"3726","3","48","51"
"2801","0","51","51"
"3887","0","51","51"
"142","25","26","51"
"4551","0","51","51"
"1896","51","0","51"
"3973","33","18","51"
"1758","2","49","51"
"7651","0","51","51"
"2799","8","43","51"
"7561","0","51","51"
"1018","5","46","51"
"5848","0","51","51"
"1969","0","51","51"
"7238","9","42","51"
"1837","28","23","51"
"1476","0","51","51"
"5753","4","47","51"
"5140","51","0","51"
"5239","1","49","50"
"1849","1","49","50"
"6627","50","0","50"
"2065","50","0","50"
"228","6","44","50"
"6599","0","50","50"
"7618","3","47","50"
"498","2","48","50"
"402","0","50","50"
"6094","11","39","50"
"231","50","0","50"
"657","1","49","50"
"5696","50","0","50"
"2597","2","48","50"
"1691","50","0","50"
"4189","11","39","50"
"7744","50","0","50"
"2564","50","0","50"
"3842","15","35","50"
"3031","50","0","50"
"2832","50","0","50"
"2440","50","0","50"
"943","30","20","50"
"1757","16","34","50"
"2764","1","49","50"
"2838","21","29","50"
"2687","13","37","50"
"1848","16","33","49"
"5180","49","0","49"
"4944","4","45","49"
"3099","0","49","49"
"6906","49","0","49"
"8212","0","49","49"
"158","7","42","49"
"3142","49","0","49"
"1041","49","0","49"
"2073","0","49","49"
"2230","49","0","49"
"81","18","31","49"
"1637","1","48","49"
"1534","2","47","49"
"6951","47","2","49"
"4402","0","49","49"
"794","18","31","49"
"4604","7","42","49"
"5691","49","0","49"
"6296","0","49","49"
"3435","4","45","49"
"1973","0","49","49"
"5732","0","48","48"
"1043","21","27","48"
"5215","8","40","48"
"8224","0","48","48"
"5166","48","0","48"
"5465","0","48","48"
"5509","0","48","48"
"7979","0","48","48"
"1500","48","0","48"
"3519","48","0","48"
"114","1","47","48"
"298","2","46","48"
"4588","11","37","48"
"4323","0","48","48"
"2274","48","0","48"
"2298","48","0","48"
"1984","7","41","48"
"123","1","47","48"
"2246","8","40","48"
"1644","48","0","48"
"8168","0","48","48"
"1462","48","0","48"
"1407","3","45","48"
"2814","0","48","48"
"4808","0","48","48"
"3057","48","0","48"
"1142","48","0","48"
"3633","48","0","48"
"1965","9","38","47"
"5737","0","47","47"
"6334","4","43","47"
"6432","0","47","47"
"2922","0","47","47"
"1980","47","0","47"
"54","7","40","47"
"6503","4","43","47"
"6576","0","47","47"
"3664","1","46","47"
"1658","9","38","47"
"2273","0","47","47"
"1437","0","47","47"
"4468","18","29","47"
"4507","2","45","47"
"7707","0","47","47"
"3814","47","0","47"
"288","1","46","47"
"673","5","42","47"
"352","9","38","47"
"3646","9","38","47"
"7871","0","47","47"
"1022","14","33","47"
"7144","0","47","47"
"7119","0","47","47"
"7116","1","46","47"
"1762","47","0","47"
"6901","0","46","46"
"6783","4","42","46"
"1927","2","44","46"
"1935","7","39","46"
"335","46","0","46"
"2599","9","37","46"
"4977","3","43","46"
"4718","46","0","46"
"4813","46","0","46"
"3794","46","0","46"
"1864","0","46","46"
"1114","39","7","46"
"7726","3","43","46"
"7927","0","46","46"
"67","17","29","46"
"798","16","30","46"
"7143","0","46","46"
"1425","0","46","46"
"5506","0","46","46"
"2091","8","38","46"
"1051","46","0","46"
"5553","46","0","46"
"226","25","21","46"
"4777","2","44","46"
"7733","45","0","45"
"232","23","22","45"
"89","29","16","45"
"7373","0","45","45"
"1730","45","0","45"
"6897","0","45","45"
"1628","12","33","45"
"6739","0","45","45"
"1653","2","43","45"
"6174","10","35","45"
"3571","45","0","45"
"5323","3","42","45"
"3145","18","27","45"
"3114","1","44","45"
"4482","7","38","45"
"4879","28","17","45"
"5969","5","40","45"
"2106","0","45","45"
"4557","16","29","45"
"1222","0","45","45"
"2385","0","45","45"
"3967","0","45","45"
"1903","0","45","45"
"989","0","45","45"
"265","31","14","45"
"2379","45","0","45"
"4974","44","0","44"
"7992","0","44","44"
"1885","44","0","44"
"1009","44","0","44"
"2223","15","29","44"
"1442","20","24","44"
"1439","9","35","44"
"1050","44","0","44"
"3554","6","38","44"
"157","44","0","44"
"1480","44","0","44"
"4986","1","43","44"
"1795","44","0","44"
"1858","1","43","44"
"6699","0","44","44"
"7","24","20","44"
"2691","44","0","44"
"2918","3","41","44"
"1638","3","41","44"
"447","15","29","44"
"5568","0","44","44"
"7101","0","44","44"
"8141","0","44","44"
"7788","0","44","44"
"617","0","44","44"
"7835","3","41","44"
"3000","43","0","43"
"8163","0","43","43"
"1382","17","26","43"
"3375","43","0","43"
"3681","1","42","43"
"5421","4","39","43"
"331","4","39","43"
"4234","3","40","43"
"5327","0","43","43"
"4982","43","0","43"
"691","24","19","43"
"6424","2","41","43"
"5415","1","42","43"
"7683","0","43","43"
"2095","6","37","43"
"1805","2","41","43"
"322","0","43","43"
"4152","43","0","43"
"559","4","39","43"
"6560","43","0","43"
"918","17","26","43"
"3902","43","0","43"
"2341","0","43","43"
"3804","5","37","42"
"8219","0","42","42"
"6945","18","24","42"
"8287","0","42","42"
"2669","0","42","42"
"5934","42","0","42"
"3380","42","0","42"
"3062","42","0","42"
"2452","42","0","42"
"7529","0","42","42"
"3478","42","0","42"
"3569","42","0","42"
"6712","11","31","42"
"7695","3","39","42"
"3916","42","0","42"
"4221","42","0","42"
"8297","0","42","42"
"928","21","21","42"
"786","2","40","42"
"93","1","41","42"
"1550","42","0","42"
"45","8","34","42"
"958","0","42","42"
"1191","0","42","42"
"291","35","7","42"
"395","42","0","42"
"135","7","35","42"
"3567","18","23","41"
"1641","2","39","41"
"3175","41","0","41"
"5181","41","0","41"
"861","16","25","41"
"3209","41","0","41"
"3378","41","0","41"
"2307","7","34","41"
"1042","41","0","41"
"963","3","38","41"
"78","41","0","41"
"975","11","30","41"
"5171","41","0","41"
"1813","41","0","41"
"426","41","0","41"
"999","4","37","41"
"5626","4","37","41"
"405","19","22","41"
"448","1","40","41"
"4222","41","0","41"
"2156","41","0","41"
"4417","0","41","41"
"2097","7","34","41"
"8292","0","41","41"
"95","2","39","41"
"4435","3","38","41"
"7073","0","41","41"
"2053","1","40","41"
"1243","5","36","41"
"237","41","0","41"
"1613","15","25","40"
"8083","0","40","40"
"2677","40","0","40"
"1367","40","0","40"
"3464","0","40","40"
"1154","2","38","40"
"1012","7","33","40"
"377","0","40","40"
"305","7","33","40"
"8128","0","40","40"
"1732","18","22","40"
"1296","9","31","40"
"712","19","21","40"
"649","40","0","40"
"852","39","1","40"
"595","2","38","40"
"4134","2","38","40"
"2777","0","40","40"
"2233","36","4","40"
"1565","8","32","40"
"3717","1","39","40"
"4024","2","38","40"
"3769","0","40","40"
"8249","0","39","39"
"3243","0","39","39"
"907","9","30","39"
"176","39","0","39"
"7912","0","39","39"
"664","13","26","39"
"1023","9","30","39"
"1953","0","39","39"
"5466","2","37","39"
"53","39","0","39"
"1394","9","30","39"
"4341","1","38","39"
"4364","39","0","39"
"565","1","38","39"
"7294","39","0","39"
"985","6","33","39"
"981","16","23","39"
"1411","1","38","39"
"3658","39","0","39"
"696","6","33","39"
"1623","39","0","39"
"7614","39","0","39"
"2744","39","0","39"
"367","5","34","39"
"5933","4","35","39"
"7694","0","39","39"
"7813","0","39","39"
"2974","15","24","39"
"1662","6","33","39"
"6029","2","37","39"
"119","1","38","39"
"7646","0","39","39"
"5638","0","38","38"
"1963","0","38","38"
"126","25","13","38"
"1796","38","0","38"
"1156","4","34","38"
"968","5","33","38"
"2966","0","38","38"
"586","13","25","38"
"7094","0","38","38"
"863","5","33","38"
"870","38","0","38"
"3659","38","0","38"
"2329","0","38","38"
"2497","38","0","38"
"2249","38","0","38"
"1124","20","18","38"
"252","0","38","38"
"741","0","38","38"
"6873","0","38","38"
"1654","0","38","38"
"2475","2","36","38"
"3252","37","0","37"
"4142","37","0","37"
"187","37","0","37"
"2541","37","0","37"
"5391","37","0","37"
"5614","7","30","37"
"5384","2","35","37"
"5427","37","0","37"
"3088","37","0","37"
"376","37","0","37"
"7056","37","0","37"
"803","6","31","37"
"6255","0","37","37"
"3095","37","0","37"
"6594","0","37","37"
"6554","0","37","37"
"6632","0","37","37"
"8209","0","37","37"
"3098","37","0","37"
"49","15","22","37"
"972","0","36","36"
"1639","36","0","36"
"2993","1","35","36"
"7946","0","36","36"
"4725","36","0","36"
"7682","36","0","36"
"7045","36","0","36"
"2721","2","34","36"
"1990","36","0","36"
"1987","0","36","36"
"1891","36","0","36"
"3922","7","29","36"
"3290","36","0","36"
"5630","36","0","36"
"938","2","34","36"
"2935","36","0","36"
"745","2","34","36"
"8198","0","35","35"
"685","0","35","35"
"562","1","34","35"
"2294","9","26","35"
"878","0","35","35"
"1746","7","28","35"
"3949","30","5","35"
"7879","0","35","35"
"6360","35","0","35"
"2476","35","0","35"
"3345","35","0","35"
"1751","35","0","35"
"1714","5","30","35"
"7422","0","35","35"
"4966","25","10","35"
"632","1","34","35"
"7774","35","0","35"
"615","35","0","35"
"3548","0","35","35"
"5175","35","0","35"
"771","7","28","35"
"4689","1","34","35"
"4199","8","27","35"
"7088","5","29","34"
"2546","34","0","34"
"582","34","0","34"
"583","26","8","34"
"2345","0","34","34"
"719","4","30","34"
"810","34","0","34"
"954","34","0","34"
"188","3","31","34"
"3785","18","16","34"
"7965","0","34","34"
"2410","34","0","34"
"4756","34","0","34"
"913","3","31","34"
"6166","0","34","34"
"2339","0","34","34"
"5772","15","19","34"
"1131","0","34","34"
"1802","0","34","34"
"7778","0","34","34"
"730","34","0","34"
"5539","0","34","34"
"1402","0","34","34"
"6528","0","34","34"
"2211","0","34","34"
"1569","3","31","34"
"4529","0","33","33"
"5305","0","33","33"
"4564","33","0","33"
"4051","1","32","33"
"6737","1","32","33"
"16","15","18","33"
"1218","0","33","33"
"1293","33","0","33"
"5058","0","33","33"
"4074","33","0","33"
"5132","0","33","33"
"1230","33","0","33"
"1875","33","0","33"
"7598","33","0","33"
"6518","33","0","33"
"3392","33","0","33"
"8237","0","33","33"
"1857","8","25","33"
"3376","0","33","33"
"3910","33","0","33"
"1597","0","33","33"
"1368","33","0","33"
"1375","4","29","33"
"1061","2","30","32"
"8044","0","32","32"
"1390","32","0","32"
"2169","32","0","32"
"7389","2","30","32"
"261","8","24","32"
"2165","0","32","32"
"1979","2","30","32"
"3630","32","0","32"
"6407","0","32","32"
"8037","1","31","32"
"5196","32","0","32"
"827","3","29","32"
"7666","14","18","32"
"1587","5","27","32"
"2566","32","0","32"
"506","0","32","32"
"227","5","27","32"
"6068","32","0","32"
"2917","2","30","32"
"727","32","0","32"
"5787","32","0","32"
"2333","0","32","32"
"2004","0","32","32"
"3985","32","0","32"
"966","0","32","32"
"13","11","21","32"
"873","5","27","32"
"478","0","31","31"
"639","31","0","31"
"2499","0","31","31"
"6953","1","30","31"
"5835","0","31","31"
"3506","0","31","31"
"684","2","29","31"
"7564","31","0","31"
"1962","31","0","31"
"674","16","15","31"
"4487","31","0","31"
"1967","31","0","31"
"203","31","0","31"
"6217","31","0","31"
"6900","31","0","31"
"1752","0","31","31"
"3304","31","0","31"
"336","31","0","31"
"7442","0","31","31"
"4943","31","0","31"
"1798","0","31","31"
"7059","0","31","31"
"611","0","31","31"
"2255","31","0","31"
"2272","31","0","31"
"7185","0","31","31"
"2206","14","17","31"
"2977","0","31","31"
"2991","7","24","31"
"5187","31","0","31"
"3006","31","0","31"
"1007","0","31","31"
"7053","31","0","31"
"6421","23","7","30"
"340","30","0","30"
"2076","0","30","30"
"7901","30","0","30"
"41","30","0","30"
"2946","0","30","30"
"140","30","0","30"
"7132","30","0","30"
"1901","1","29","30"
"7727","30","0","30"
"580","30","0","30"
"8002","0","30","30"
"269","30","0","30"
"5342","30","0","30"
"177","19","11","30"
"2502","30","0","30"
"7497","0","30","30"
"4859","30","0","30"
"104","30","0","30"
"2079","0","30","30"
"2069","17","13","30"
"5973","0","30","30"
"2181","2","28","30"
"4412","2","28","30"
"7675","25","5","30"
"1039","6","24","30"
"324","14","16","30"
"998","30","0","30"
"842","30","0","30"
"2376","26","3","29"
"1169","29","0","29"
"1063","29","0","29"
"7341","2","27","29"
"7512","0","29","29"
"149","1","28","29"
"2182","1","28","29"
"849","0","29","29"
"6924","16","13","29"
"3917","29","0","29"
"1396","0","29","29"
"2900","29","0","29"
"2172","29","0","29"
"872","29","0","29"
"3521","29","0","29"
"1412","0","29","29"
"7647","4","25","29"
"816","29","0","29"
"111","29","0","29"
"144","0","29","29"
"2647","18","11","29"
"5810","29","0","29"
"422","0","29","29"
"5809","21","8","29"
"274","0","29","29"
"6198","14","15","29"
"1556","0","29","29"
"6553","0","29","29"
"1951","29","0","29"
"5592","0","29","29"
"592","12","17","29"
"682","3","26","29"
"4","29","0","29"
"1768","0","29","29"
"1652","0","29","29"
"5559","0","29","29"
"6398","29","0","29"
"6522","29","0","29"
"598","1","28","29"
"1791","0","29","29"
"5172","29","0","29"
"1444","2","26","28"
"427","6","22","28"
"2234","14","14","28"
"1518","0","28","28"
"725","6","22","28"
"4646","0","28","28"
"1513","0","28","28"
"4001","28","0","28"
"3324","0","28","28"
"3126","1","27","28"
"746","0","28","28"
"1196","9","19","28"
"1128","13","15","28"
"1418","0","28","28"
"2740","28","0","28"
"3912","17","11","28"
"5006","28","0","28"
"1618","0","28","28"
"1788","0","28","28"
"4818","28","0","28"
"6902","28","0","28"
"4181","0","28","28"
"150","28","0","28"
"4173","0","28","28"
"2883","28","0","28"
"3523","28","0","28"
"5606","28","0","28"
"567","2","26","28"
"6725","0","28","28"
"1389","0","28","28"
"932","1","27","28"
"2983","28","0","28"
"5245","0","28","28"
"7578","28","0","28"
"2226","28","0","28"
"2604","0","28","28"
"1493","1","27","28"
"6483","28","0","28"
"3772","1","26","27"
"277","2","25","27"
"2902","0","27","27"
"5008","27","0","27"
"1672","0","27","27"
"2119","5","22","27"
"5837","1","26","27"
"911","27","0","27"
"1465","8","19","27"
"4063","27","0","27"
"7049","27","0","27"
"183","0","27","27"
"822","11","16","27"
"1044","9","18","27"
"7490","27","0","27"
"7393","12","15","27"
"4645","1","26","27"
"4631","1","26","27"
"7900","27","0","27"
"3555","14","13","27"
"5591","27","0","27"
"1766","27","0","27"
"3301","15","12","27"
"6474","1","26","27"
"488","4","23","27"
"2010","27","0","27"
"658","6","21","27"
"6948","0","27","27"
"6589","0","27","27"
"3450","27","0","27"
"1524","4","23","27"
"1747","3","24","27"
"723","1","25","26"
"2550","26","0","26"
"2178","3","23","26"
"7691","19","7","26"
"7679","26","0","26"
"3593","26","0","26"
"2948","26","0","26"
"6803","0","26","26"
"675","1","25","26"
"5705","3","23","26"
"1794","26","0","26"
"1604","4","22","26"
"2160","26","0","26"
"1207","26","0","26"
"2690","26","0","26"
"1321","0","26","26"
"4136","26","0","26"
"6759","3","23","26"
"2501","0","26","26"
"8122","0","26","26"
"5029","26","0","26"
"8124","0","26","26"
"6447","12","14","26"
"6649","26","0","26"
"5446","26","0","26"
"5784","1","25","26"
"3948","26","0","26"
"2479","0","26","26"
"1144","7","19","26"
"5059","26","0","26"
"5532","26","0","26"
"1463","26","0","26"
"2137","0","26","26"
"2277","8","18","26"
"272","0","25","25"
"945","0","25","25"
"955","0","25","25"
"1861","0","25","25"
"7362","8","17","25"
"77","25","0","25"
"885","7","18","25"
"2996","0","25","25"
"34","5","20","25"
"7588","8","17","25"
"3629","4","21","25"
"4123","25","0","25"
"4111","16","9","25"
"2348","0","25","25"
"3576","4","21","25"
"3072","25","0","25"
"6020","25","0","25"
"588","22","3","25"
"1277","0","25","25"
"778","0","25","25"
"254","25","0","25"
"802","4","21","25"
"2168","3","22","25"
"2613","25","0","25"
"1649","0","24","24"
"3180","24","0","24"
"977","0","24","24"
"1160","24","0","24"
"1046","24","0","24"
"4088","0","24","24"
"3235","1","23","24"
"1563","0","24","24"
"105","3","21","24"
"4466","0","24","24"
"5375","0","24","24"
"3809","2","22","24"
"936","0","24","24"
"4433","24","0","24"
"5296","16","8","24"
"823","15","9","24"
"396","0","24","24"
"645","16","8","24"
"5316","24","0","24"
"1466","24","0","24"
"899","24","0","24"
"5862","24","0","24"
"3256","19","5","24"
"7865","24","0","24"
"2620","24","0","24"
"235","2","22","24"
"4843","24","0","24"
"99","24","0","24"
"613","2","22","24"
"7921","0","24","24"
"1595","0","24","24"
"3482","24","0","24"
"7390","24","0","24"
"76","2","22","24"
"2979","0","24","24"
"2914","4","20","24"
"246","1","23","24"
"2926","0","24","24"
"524","0","24","24"
"234","1","23","24"
"7236","23","0","23"
"4976","23","0","23"
"7818","23","0","23"
"1961","5","18","23"
"4786","3","20","23"
"3960","23","0","23"
"3469","23","0","23"
"1619","4","19","23"
"2589","0","23","23"
"7791","4","19","23"
"3538","2","21","23"
"4776","0","23","23"
"163","9","14","23"
"1013","23","0","23"
"2760","23","0","23"
"1865","6","17","23"
"477","0","23","23"
"4988","23","0","23"
"3798","23","0","23"
"681","0","23","23"
"5783","23","0","23"
"609","0","23","23"
"585","3","20","23"
"6320","23","0","23"
"116","2","21","23"
"5064","1","22","23"
"4056","23","0","23"
"4273","23","0","23"
"882","7","16","23"
"628","1","21","22"
"553","22","0","22"
"1669","0","22","22"
"2253","0","22","22"
"1152","0","22","22"
"6161","0","22","22"
"2099","22","0","22"
"960","22","0","22"
"3196","22","0","22"
"2778","22","0","22"
"3770","22","0","22"
"979","0","22","22"
"8073","0","22","22"
"206","1","21","22"
"1326","6","16","22"
"3460","22","0","22"
"5617","22","0","22"
"714","0","22","22"
"1925","22","0","22"
"4218","0","22","22"
"2426","0","22","22"
"2033","22","0","22"
"263","22","0","22"
"6766","22","0","22"
"6488","22","0","22"
"428","0","22","22"
"1168","5","17","22"
"3611","22","0","22"
"868","0","22","22"
"3622","22","0","22"
"4455","22","0","22"
"2781","0","22","22"
"3104","0","22","22"
"4363","22","0","22"
"1360","22","0","22"
"1868","22","0","22"
"7517","2","20","22"
"5821","22","0","22"
"1884","0","22","22"
"2063","21","0","21"
"1692","3","18","21"
"5644","21","0","21"
"7928","3","18","21"
"7350","21","0","21"
"5485","21","0","21"
"2825","0","21","21"
"2575","0","21","21"
"5692","21","0","21"
"4042","21","0","21"
"2719","21","0","21"
"5887","1","20","21"
"991","0","21","21"
"3313","5","16","21"
"201","21","0","21"
"1282","8","13","21"
"363","3","18","21"
"7074","0","21","21"
"379","0","21","21"
"6538","21","0","21"
"5217","21","0","21"
"7902","21","0","21"
"5639","4","17","21"
"6606","0","21","21"
"3470","21","0","21"
"7046","21","0","21"
"7874","4","17","21"
"881","0","21","21"
"2488","21","0","21"
"48","21","0","21"
"604","8","13","21"
"3068","0","21","21"
"7239","21","0","21"
"7241","21","0","21"
"2366","7","14","21"
"7262","11","10","21"
"3110","21","0","21"
"412","21","0","21"
"193","21","0","21"
"3445","21","0","21"
"8047","20","0","20"
"5972","2","18","20"
"2195","0","20","20"
"3982","20","0","20"
"5999","20","0","20"
"2205","0","20","20"
"3081","20","0","20"
"517","0","20","20"
"864","0","20","20"
"7772","20","0","20"
"1306","20","0","20"
"6409","0","20","20"
"4351","4","16","20"
"601","9","11","20"
"1800","20","0","20"
"4788","20","0","20"
"61","0","20","20"
"3556","14","6","20"
"3830","20","0","20"
"1553","20","0","20"
"398","7","13","20"
"1446","3","17","20"
"3665","20","0","20"
"563","1","19","20"
"5255","8","12","20"
"4993","4","16","20"
"4486","20","0","20"
"1235","20","0","20"
"5393","0","20","20"
"175","1","19","20"
"5820","20","0","20"
"3815","20","0","20"
"373","0","20","20"
"2797","0","20","20"
"3188","20","0","20"
"897","1","19","20"
"273","7","13","20"
"4385","0","20","20"
"5709","11","9","20"
"668","2","18","20"
"4681","20","0","20"
"4331","2","18","20"
"5745","0","20","20"
"8053","20","0","20"
"1356","20","0","20"
"3227","19","0","19"
"7697","19","0","19"
"2701","19","0","19"
"2692","19","0","19"
"7580","19","0","19"
"3379","19","0","19"
"7769","19","0","19"
"1192","0","19","19"
"1678","3","16","19"
"7574","0","19","19"
"1647","19","0","19"
"6316","19","0","19"
"5908","19","0","19"
"394","0","19","19"
"6462","3","16","19"
"5462","19","0","19"
"1531","0","19","19"
"153","1","18","19"
"1485","0","19","19"
"584","5","14","19"
"6755","2","17","19"
"8036","19","0","19"
"1803","19","0","19"
"5308","0","19","19"
"286","0","19","19"
"5243","19","0","19"
"223","19","0","19"
"5382","19","0","19"
"6628","0","19","19"
"1038","6","13","19"
"6885","19","0","19"
"6865","19","0","19"
"2904","18","0","18"
"6608","18","0","18"
"6075","18","0","18"
"7701","3","15","18"
"5756","0","18","18"
"3971","7","11","18"
"906","0","18","18"
"3816","0","18","18"
"82","1","17","18"
"1629","0","18","18"
"5991","0","18","18"
"7099","18","0","18"
"5317","18","0","18"
"606","3","15","18"
"6616","18","0","18"
"2159","18","0","18"
"3310","18","0","18"
"4231","1","17","18"
"6082","18","0","18"
"5193","18","0","18"
"5119","18","0","18"
"4442","18","0","18"
"3319","0","18","18"
"3609","0","18","18"
"2792","18","0","18"
"4746","18","0","18"
"435","0","18","18"
"7120","18","0","18"
"3480","18","0","18"
"744","1","17","18"
"2694","18","0","18"
"145","18","0","18"
"1358","18","0","18"
"6220","18","0","18"
"1793","0","18","18"
"748","1","17","18"
"2706","18","0","18"
"219","0","18","18"
"589","0","18","18"
"2202","0","18","18"
"1670","18","0","18"
"1003","18","0","18"
"7405","18","0","18"
"2101","0","18","18"
"7306","0","18","18"
"6982","0","18","18"
"3326","18","0","18"
"995","0","18","18"
"6991","18","0","18"
"933","18","0","18"
"6377","17","0","17"
"866","0","17","17"
"6024","17","0","17"
"2176","17","0","17"
"2210","17","0","17"
"6346","17","0","17"
"616","1","16","17"
"378","0","17","17"
"4937","17","0","17"
"6223","17","0","17"
"4654","2","15","17"
"1986","17","0","17"
"102","5","12","17"
"1983","0","17","17"
"4415","17","0","17"
"646","17","0","17"
"6302","0","17","17"
"4295","17","0","17"
"6105","0","17","17"
"631","0","17","17"
"2652","0","17","17"
"837","4","13","17"
"2571","0","17","17"
"1687","6","11","17"
"1689","2","15","17"
"4224","17","0","17"
"875","0","17","17"
"6809","2","15","17"
"179","17","0","17"
"3481","17","0","17"
"1372","0","17","17"
"6571","0","17","17"
"5513","0","17","17"
"2386","0","17","17"
"62","17","0","17"
"3776","0","17","17"
"6525","17","0","17"
"2368","17","0","17"
"5623","2","15","17"
"575","3","14","17"
"3446","0","17","17"
"4031","0","17","17"
"3466","17","0","17"
"3678","17","0","17"
"4831","0","16","16"
"4476","16","0","16"
"6611","15","1","16"
"6567","0","16","16"
"2804","16","0","16"
"5499","3","13","16"
"2115","16","0","16"
"2855","16","0","16"
"5472","16","0","16"
"3560","16","0","16"
"820","16","0","16"
"4058","0","16","16"
"2736","1","15","16"
"4992","4","12","16"
"4980","16","0","16"
"4778","1","15","16"
"2672","13","3","16"
"8085","16","0","16"
"1064","16","0","16"
"3488","16","0","16"
"1290","16","0","16"
"1510","16","0","16"
"6938","4","12","16"
"5608","16","0","16"
"101","16","0","16"
"7397","0","16","16"
"3525","16","0","16"
"5805","16","0","16"
"2737","16","0","16"
"624","2","14","16"
"7023","8","8","16"
"5324","16","0","16"
"7511","16","0","16"
"5326","0","16","16"
"5312","9","7","16"
"5859","16","0","16"
"2409","0","16","16"
"4150","16","0","16"
"338","1","15","16"
"7186","0","16","16"
"5143","16","0","16"
"2928","1","15","16"
"2171","16","0","16"
"4117","0","16","16"
"5387","1","15","16"
"462","4","12","16"
"1716","6","10","16"
"8046","16","0","16"
"65","2","14","16"
"3767","16","0","16"
"961","16","0","16"
"349","1","15","16"
"3961","16","0","16"
"2552","5","11","16"
"7335","15","0","15"
"5208","0","15","15"
"7104","15","0","15"
"5201","15","0","15"
"5203","15","0","15"
"2698","15","0","15"
"4726","15","0","15"
"7352","15","0","15"
"7593","3","12","15"
"743","0","15","15"
"4007","15","0","15"
"3472","15","0","15"
"7100","15","0","15"
"6777","0","15","15"
"6663","0","15","15"
"4082","15","0","15"
"717","1","14","15"
"3388","15","0","15"
"3714","15","0","15"
"4625","4","11","15"
"5360","15","0","15"
"3731","15","0","15"
"566","0","15","15"
"5467","0","15","15"
"5757","1","14","15"
"806","0","15","15"
"1102","15","0","15"
"3822","0","15","15"
"3155","0","15","15"
"3317","15","0","15"
"2791","15","0","15"
"3333","15","0","15"
"7400","15","0","15"
"7317","15","0","15"
"4216","1","14","15"
"4489","15","0","15"
"4511","15","0","15"
"3547","0","15","15"
"3933","0","15","15"
"5115","0","15","15"
"3127","15","0","15"
"5200","15","0","15"
"4600","15","0","15"
"5616","15","0","15"
"3872","15","0","15"
"2215","15","0","15"
"1931","15","0","15"
"2281","2","13","15"
"1833","6","9","15"
"7980","15","0","15"
"1947","15","0","15"
"1507","2","12","14"
"1141","2","12","14"
"1143","14","0","14"
"5801","2","12","14"
"4677","0","14","14"
"8246","0","14","14"
"1722","14","0","14"
"3041","14","0","14"
"3039","14","0","14"
"1720","14","0","14"
"5952","14","0","14"
"4648","0","14","14"
"270","14","0","14"
"4562","0","14","14"
"4682","14","0","14"
"2889","14","0","14"
"779","0","14","14"
"7688","0","14","14"
"2840","14","0","14"
"1233","14","0","14"
"2591","0","14","14"
"7043","14","0","14"
"797","5","9","14"
"2607","1","13","14"
"2608","14","0","14"
"364","14","0","14"
"4447","14","0","14"
"4558","1","13","14"
"2052","14","0","14"
"2055","0","14","14"
"499","14","0","14"
"1948","14","0","14"
"620","14","0","14"
"3719","14","0","14"
"267","1","13","14"
"50","14","0","14"
"8132","0","14","14"
"5250","14","0","14"
"5015","14","0","14"
"8169","0","14","14"
"3591","13","1","14"
"5009","14","0","14"
"7188","14","0","14"
"3486","0","14","14"
"5406","1","13","14"
"3977","14","0","14"
"5534","14","0","14"
"3275","14","0","14"
"2242","3","11","14"
"4767","14","0","14"
"6529","0","14","14"
"6848","14","0","14"
"4728","0","14","14"
"2484","0","14","14"
"6491","4","10","14"
"6170","14","0","14"
"1486","0","14","14"
"5099","14","0","14"
"8296","0","14","14"
"2638","1","13","14"
"4386","0","14","14"
"8288","0","14","14"
"2629","0","14","14"
"1582","13","0","13"
"6511","0","13","13"
"5643","0","13","13"
"5940","13","0","13"
"3914","0","13","13"
"191","13","0","13"
"1589","13","0","13"
"2950","13","0","13"
"5977","0","13","13"
"4774","13","0","13"
"1478","0","13","13"
"5207","13","0","13"
"7642","1","12","13"
"3647","13","0","13"
"5562","13","0","13"
"3315","13","0","13"
"6788","0","13","13"
"7685","13","0","13"
"5150","13","0","13"
"1937","13","0","13"
"7766","13","0","13"
"2821","0","13","13"
"2596","13","0","13"
"8107","13","0","13"
"3225","13","0","13"
"3597","13","0","13"
"3343","13","0","13"
"3528","13","0","13"
"4669","13","0","13"
"5741","13","0","13"
"6479","13","0","13"
"5768","13","0","13"
"1879","13","0","13"
"3877","13","0","13"
"4987","0","13","13"
"3172","13","0","13"
"130","13","0","13"
"4963","13","0","13"
"57","13","0","13"
"2683","13","0","13"
"328","13","0","13"
"7557","0","13","13"
"3193","0","13","13"
"3856","0","13","13"
"3849","0","13","13"
"3199","13","0","13"
"6892","0","13","13"
"3035","13","0","13"
"6261","0","13","13"
"4934","6","7","13"
"1092","0","13","13"
"4678","0","13","13"
"618","11","2","13"
"7026","13","0","13"
"5118","13","0","13"
"6226","0","13","13"
"6311","1","12","13"
"7743","13","0","13"
"7755","13","0","13"
"2711","13","0","13"
"3745","0","13","13"
"8275","0","12","12"
"5489","12","0","12"
"5823","12","0","12"
"6047","4","8","12"
"6472","0","12","12"
"167","0","12","12"
"18","12","0","12"
"3811","0","12","12"
"205","12","0","12"
"2163","2","10","12"
"4552","0","12","12"
"3639","12","0","12"
"7146","1","11","12"
"3109","9","3","12"
"3090","12","0","12"
"7153","12","0","12"
"2908","12","0","12"
"7808","12","0","12"
"7281","12","0","12"
"6726","12","0","12"
"6204","12","0","12"
"197","11","1","12"
"8148","0","12","12"
"6021","0","12","12"
"467","12","0","12"
"5313","12","0","12"
"7436","0","12","12"
"7907","12","0","12"
"7343","12","0","12"
"3386","12","0","12"
"942","0","12","12"
"7604","0","12","12"
"2007","0","12","12"
"934","0","12","12"
"7315","0","12","12"
"222","4","8","12"
"3603","12","0","12"
"909","12","0","12"
"433","0","12","12"
"5514","0","12","12"
"3600","12","0","12"
"4329","12","0","12"
"4605","0","12","12"
"1557","0","12","12"
"6805","0","12","12"
"3373","12","0","12"
"4068","6","6","12"
"3047","12","0","12"
"5396","12","0","12"
"581","0","12","12"
"6502","12","0","12"
"2659","12","0","12"
"2232","12","0","12"
"5231","0","12","12"
"1004","12","0","12"
"2548","12","0","12"
"2751","0","12","12"
"2555","12","0","12"
"5298","0","12","12"
"5044","0","12","12"
"7162","0","12","12"
"4633","12","0","12"
"687","0","12","12"
"607","0","12","12"
"2357","12","0","12"
"4471","2","10","12"
"7677","12","0","12"
"787","12","0","12"
"2818","1","11","12"
"1420","12","0","12"
"3775","12","0","12"
"4140","12","0","12"
"831","12","0","12"
"400","12","0","12"
"7243","1","11","12"
"5160","12","0","12"
"711","1","11","12"
"622","0","12","12"
"5141","1","11","12"
"2121","1","11","12"
"4429","12","0","12"
"7113","12","0","12"
"4116","12","0","12"
"1610","12","0","12"
"7227","12","0","12"
"362","1","11","12"
"3942","0","12","12"
"2578","12","0","12"
"1499","12","0","12"
"4428","12","0","12"
"1789","11","0","11"
"7491","0","11","11"
"3777","11","0","11"
"8282","0","11","11"
"387","11","0","11"
"5836","11","0","11"
"4563","11","0","11"
"3751","11","0","11"
"3255","3","8","11"
"5961","11","0","11"
"7493","4","7","11"
"6271","11","0","11"
"4049","0","11","11"
"6526","11","0","11"
"3616","0","11","11"
"7775","11","0","11"
"970","11","0","11"
"5935","11","0","11"
"1242","11","0","11"
"6917","3","8","11"
"7304","0","11","11"
"124","3","8","11"
"6923","2","9","11"
"7964","11","0","11"
"7996","0","11","11"
"2427","11","0","11"
"3720","11","0","11"
"7129","11","0","11"
"4377","11","0","11"
"869","11","0","11"
"6707","0","11","11"
"5139","11","0","11"
"7090","11","0","11"
"4739","11","0","11"
"6657","11","0","11"
"6435","0","11","11"
"2105","11","0","11"
"2378","4","7","11"
"7423","0","11","11"
"6859","11","0","11"
"1323","0","11","11"
"3508","11","0","11"
"6686","0","11","11"
"7652","0","11","11"
"8211","11","0","11"
"351","11","0","11"
"7768","11","0","11"
"6790","11","0","11"
"5050","11","0","11"
"2217","11","0","11"
"4647","11","0","11"
"3808","0","11","11"
"2913","11","0","11"
"1822","11","0","11"
"2844","2","9","11"
"6126","11","0","11"
"2645","7","4","11"
"2509","11","0","11"
"6059","0","11","11"
"7323","0","11","11"
"6164","0","11","11"
"3549","0","11","11"
"1467","11","0","11"
"1530","11","0","11"
"40","11","0","11"
"774","1","10","11"
"1532","0","11","11"
"7819","0","11","11"
"5320","11","0","11"
"5550","11","0","11"
"5589","11","0","11"
"4815","0","11","11"
"2941","11","0","11"
"4898","11","0","11"
"3636","11","0","11"
"4509","11","0","11"
"5311","0","11","11"
"1228","11","0","11"
"4416","11","0","11"
"3729","11","0","11"
"106","9","2","11"
"2843","0","11","11"
"6269","0","10","10"
"4663","10","0","10"
"920","10","0","10"
"469","10","0","10"
"4078","2","8","10"
"3150","10","0","10"
"6577","10","0","10"
"4183","0","10","10"
"5011","10","0","10"
"3107","10","0","10"
"8204","2","8","10"
"3743","10","0","10"
"1605","10","0","10"
"4342","10","0","10"
"929","0","10","10"
"3190","10","0","10"
"3189","10","0","10"
"6484","10","0","10"
"8235","0","10","10"
"7201","0","10","10"
"501","10","0","10"
"6758","10","0","10"
"3046","10","0","10"
"1435","0","10","10"
"5339","10","0","10"
"4947","10","0","10"
"5702","10","0","10"
"389","0","10","10"
"7906","10","0","10"
"3496","10","0","10"
"5286","10","0","10"
"7994","0","10","10"
"6682","0","10","10"
"3764","10","0","10"
"7409","10","0","10"
"1495","10","0","10"
"5194","10","0","10"
"7150","10","0","10"
"5564","0","10","10"
"6248","10","0","10"
"8152","10","0","10"
"6009","0","10","10"
"5417","0","10","10"
"6314","10","0","10"
"6000","10","0","10"
"3271","2","8","10"
"5984","10","0","10"
"2947","10","0","10"
"2342","5","5","10"
"5468","10","0","10"
"4047","0","10","10"
"4254","0","10","10"
"3285","1","9","10"
"6016","10","0","10"
"6078","0","10","10"
"296","10","0","10"
"1636","1","9","10"
"5068","10","0","10"
"2092","7","3","10"
"5549","10","0","10"
"3662","10","0","10"
"1095","10","0","10"
"614","10","0","10"
"6605","10","0","10"
"839","0","10","10"
"5426","0","10","10"
"1281","10","0","10"
"5191","10","0","10"
"6548","10","0","10"
"7648","1","9","10"
"6702","10","0","10"
"2953","10","0","10"
"898","10","0","10"
"538","0","10","10"
"2084","10","0","10"
"2995","10","0","10"
"5927","10","0","10"
"6806","0","10","10"
"5016","10","0","10"
"2185","0","10","10"
"5920","10","0","10"
"4009","2","8","10"
"1179","10","0","10"
"515","0","10","10"
"5658","10","0","10"
"1719","10","0","10"
"5896","10","0","10"
"8283","0","10","10"
"421","0","10","10"
"793","0","10","10"
"2989","10","0","10"
"4584","0","10","10"
"6975","10","0","10"
"1245","10","0","10"
"6942","0","10","10"
"4576","10","0","10"
"3409","1","9","10"
"4583","0","10","10"
"209","10","0","10"
"6111","0","10","10"
"8284","0","10","10"
"3819","10","0","10"
"7899","0","10","10"
"1266","0","10","10"
"4924","10","0","10"
"4822","0","9","9"
"7421","9","0","9"
"3159","9","0","9"
"4012","0","9","9"
"554","6","3","9"
"912","9","0","9"
"4039","9","0","9"
"7171","9","0","9"
"6626","9","0","9"
"7471","9","0","9"
"7183","9","0","9"
"4942","0","9","9"
"3893","0","9","9"
"8226","0","9","9"
"3911","2","7","9"
"5478","9","0","9"
"4403","0","9","9"
"4398","9","0","9"
"3262","9","0","9"
"5713","1","8","9"
"7357","9","0","9"
"7498","0","9","9"
"6635","9","0","9"
"3512","9","0","9"
"5419","9","0","9"
"6550","9","0","9"
"1874","9","0","9"
"2425","0","9","9"
"3171","1","8","9"
"3349","9","0","9"
"3053","9","0","9"
"7289","0","9","9"
"7673","0","9","9"
"653","2","7","9"
"4187","9","0","9"
"7952","0","9","9"
"5276","9","0","9"
"7579","9","0","9"
"8276","0","9","9"
"8050","9","0","9"
"1533","0","9","9"
"950","9","0","9"
"4530","9","0","9"
"782","9","0","9"
"4524","9","0","9"
"6083","0","9","9"
"1684","9","0","9"
"2802","9","0","9"
"4169","9","0","9"
"345","9","0","9"
"5916","9","0","9"
"449","9","0","9"
"5033","0","9","9"
"5045","0","9","9"
"121","9","0","9"
"4214","9","0","9"
"5945","9","0","9"
"4542","9","0","9"
"3648","9","0","9"
"4586","9","0","9"
"5017","9","0","9"
"1183","9","0","9"
"2987","9","0","9"
"1711","9","0","9"
"4255","9","0","9"
"3655","9","0","9"
"8263","2","7","9"
"6933","0","9","9"
"8162","9","0","9"
"7254","0","9","9"
"60","9","0","9"
"1737","9","0","9"
"3766","9","0","9"
"6464","0","9","9"
"3867","0","9","9"
"6146","9","0","9"
"5771","9","0","9"
"4665","9","0","9"
"7810","9","0","9"
"6274","9","0","9"
"8079","0","9","9"
"1741","9","0","9"
"5761","9","0","9"
"619","0","9","9"
"454","9","0","9"
"4128","9","0","9"
"4451","9","0","9"
"1099","8","0","8"
"1657","0","8","8"
"1674","8","0","8"
"3292","8","0","8"
"1077","0","8","8"
"692","3","5","8"
"3762","8","0","8"
"6709","2","6","8"
"7747","8","0","8"
"2903","8","0","8"
"5051","8","0","8"
"164","8","0","8"
"7062","4","4","8"
"4235","0","8","8"
"6394","8","0","8"
"5577","8","0","8"
"2112","1","7","8"
"2936","8","0","8"
"7634","1","7","8"
"5980","8","0","8"
"4532","8","0","8"
"2621","8","0","8"
"7653","1","7","8"
"949","8","0","8"
"2796","8","0","8"
"1246","8","0","8"
"7257","0","8","8"
"7246","0","8","8"
"699","8","0","8"
"1336","8","0","8"
"3692","8","0","8"
"1089","8","0","8"
"5455","8","0","8"
"1086","8","0","8"
"1819","0","8","8"
"1807","8","0","8"
"6245","8","0","8"
"7387","4","4","8"
"1423","8","0","8"
"560","8","0","8"
"4316","8","0","8"
"7668","0","8","8"
"4324","8","0","8"
"6041","0","8","8"
"5551","8","0","8"
"5552","8","0","8"
"5474","8","0","8"
"3713","0","8","8"
"6781","8","0","8"
"3802","8","0","8"
"5089","8","0","8"
"98","8","0","8"
"2037","8","0","8"
"120","8","0","8"
"6500","8","0","8"
"327","8","0","8"
"7857","0","8","8"
"7567","0","8","8"
"1150","8","0","8"
"7319","0","8","8"
"3200","8","0","8"
"3202","8","0","8"
"4621","0","8","8"
"3888","1","7","8"
"5855","8","0","8"
"860","8","0","8"
"2481","8","0","8"
"809","0","8","8"
"4411","0","8","8"
"6235","0","8","8"
"738","8","0","8"
"3082","0","8","8"
"2367","8","0","8"
"4710","8","0","8"
"4970","8","0","8"
"6467","8","0","8"
"574","5","3","8"
"4973","8","0","8"
"3120","8","0","8"
"479","8","0","8"
"7198","8","0","8"
"83","8","0","8"
"8019","0","8","8"
"3086","8","0","8"
"3108","8","0","8"
"4960","8","0","8"
"752","1","7","8"
"4652","8","0","8"
"3553","8","0","8"
"1008","8","0","8"
"3087","8","0","8"
"5675","8","0","8"
"3845","8","0","8"
"5647","8","0","8"
"347","8","0","8"
"3465","3","5","8"
"3036","7","1","8"
"6524","8","0","8"
"5399","8","0","8"
"1354","8","0","8"
"5043","2","6","8"
"1778","8","0","8"
"5635","0","8","8"
"848","8","0","8"
"3260","8","0","8"
"590","8","0","8"
"440","8","0","8"
"5600","8","0","8"
"5663","0","8","8"
"2130","8","0","8"
"1432","1","6","7"
"1316","7","0","7"
"915","7","0","7"
"3921","0","7","7"
"3737","0","7","7"
"6609","7","0","7"
"5111","7","0","7"
"6612","7","0","7"
"3544","7","0","7"
"5039","7","0","7"
"3723","7","0","7"
"7359","0","7","7"
"542","7","0","7"
"2372","7","0","7"
"4866","2","5","7"
"4891","7","0","7"
"7229","7","0","7"
"984","7","0","7"
"5334","7","0","7"
"1928","7","0","7"
"6711","7","0","7"
"547","1","6","7"
"3925","7","0","7"
"1065","7","0","7"
"284","7","0","7"
"1028","7","0","7"
"6655","7","0","7"
"3429","0","7","7"
"8186","0","7","7"
"6661","0","7","7"
"7792","7","0","7"
"2343","7","0","7"
"5013","7","0","7"
"1955","1","6","7"
"2362","0","7","7"
"5264","7","0","7"
"914","7","0","7"
"4926","7","0","7"
"7228","7","0","7"
"8173","7","0","7"
"4989","7","0","7"
"2417","7","0","7"
"7379","7","0","7"
"5306","1","6","7"
"3709","7","0","7"
"6592","1","6","7"
"3875","0","7","7"
"2113","7","0","7"
"3001","7","0","7"
"1447","7","0","7"
"4137","7","0","7"
"1365","7","0","7"
"2545","7","0","7"
"423","7","0","7"
"359","0","7","7"
"8225","0","7","7"
"5620","7","0","7"
"4760","7","0","7"
"6967","0","7","7"
"5604","7","0","7"
"7434","0","7","7"
"2833","7","0","7"
"6532","0","7","7"
"2676","7","0","7"
"525","1","6","7"
"1182","7","0","7"
"7149","0","7","7"
"4197","7","0","7"
"7439","0","7","7"
"2083","2","5","7"
"2976","7","0","7"
"2480","7","0","7"
"1292","7","0","7"
"7669","0","7","7"
"5708","7","0","7"
"7117","7","0","7"
"2939","7","0","7"
"4409","7","0","7"
"4223","7","0","7"
"1469","7","0","7"
"2572","7","0","7"
"840","7","0","7"
"7121","7","0","7"
"6027","0","7","7"
"7658","0","7","7"
"4671","7","0","7"
"8045","7","0","7"
"6045","7","0","7"
"6886","7","0","7"
"5966","7","0","7"
"320","7","0","7"
"8012","7","0","7"
"6504","7","0","7"
"6096","0","7","7"
"773","1","6","7"
"2695","7","0","7"
"2611","7","0","7"
"6134","7","0","7"
"5877","7","0","7"
"6445","7","0","7"
"6298","7","0","7"
"2609","7","0","7"
"4326","7","0","7"
"455","4","3","7"
"3991","7","0","7"
"3999","2","5","7"
"4443","7","0","7"
"6813","1","6","7"
"7856","7","0","7"
"8285","0","7","7"
"1821","7","0","7"
"4832","7","0","7"
"2752","7","0","7"
"5515","7","0","7"
"4008","7","0","7"
"4343","7","0","7"
"530","7","0","7"
"2247","0","7","7"
"7038","7","0","7"
"3037","7","0","7"
"4359","0","7","7"
"2598","7","0","7"
"4308","7","0","7"
"6984","7","0","7"
"2524","7","0","7"
"3306","7","0","7"
"4311","0","7","7"
"4192","7","0","7"
"7586","7","0","7"
"7425","7","0","7"
"6179","7","0","7"
"4616","7","0","7"
"3040","7","0","7"
"2933","6","0","6"
"5981","6","0","6"
"1631","6","0","6"
"983","1","5","6"
"5873","6","0","6"
"6685","0","6","6"
"1709","6","0","6"
"6427","0","6","6"
"7625","6","0","6"
"434","6","0","6"
"1899","6","0","6"
"5253","0","6","6"
"5048","6","0","6"
"5926","0","6","6"
"6666","6","0","6"
"424","6","0","6"
"5271","0","6","6"
"6668","0","6","6"
"4592","6","0","6"
"2978","6","0","6"
"4186","6","0","6"
"6676","6","0","6"
"1287","0","6","6"
"202","6","0","6"
"903","1","5","6"
"353","6","0","6"
"2088","6","0","6"
"7734","0","6","6"
"2830","6","0","6"
"6324","6","0","6"
"1237","6","0","6"
"208","6","0","6"
"399","6","0","6"
"1331","6","0","6"
"2793","6","0","6"
"796","6","0","6"
"6307","0","6","6"
"804","6","0","6"
"7738","6","0","6"
"1232","1","5","6"
"6200","6","0","6"
"4332","0","6","6"
"4440","6","0","6"
"4438","6","0","6"
"6162","0","6","6"
"801","6","0","6"
"6721","0","6","6"
"4430","6","0","6"
"6723","0","6","6"
"3754","6","0","6"
"7266","6","0","6"
"6971","6","0","6"
"6007","6","0","6"
"2875","6","0","6"
"5198","6","0","6"
"195","1","5","6"
"2907","6","0","6"
"2906","6","0","6"
"410","6","0","6"
"7659","6","0","6"
"4354","6","0","6"
"6038","6","0","6"
"6692","6","0","6"
"7665","6","0","6"
"3667","6","0","6"
"4282","6","0","6"
"3799","6","0","6"
"1693","6","0","6"
"3671","0","6","6"
"2866","6","0","6"
"6344","2","4","6"
"5174","6","0","6"
"7222","1","5","6"
"3683","6","0","6"
"260","6","0","6"
"5075","0","6","6"
"1976","6","0","6"
"6895","6","0","6"
"5364","0","6","6"
"4954","0","6","6"
"6770","6","0","6"
"1771","0","6","6"
"7877","6","0","6"
"5361","6","0","6"
"3325","6","0","6"
"5354","0","6","6"
"926","6","0","6"
"5351","0","6","6"
"5706","0","6","6"
"7873","6","0","6"
"3044","6","0","6"
"5528","6","0","6"
"5526","6","0","6"
"2254","6","0","6"
"3176","6","0","6"
"6598","6","0","6"
"2493","6","0","6"
"1113","6","0","6"
"7885","6","0","6"
"329","6","0","6"
"4020","6","0","6"
"3208","6","0","6"
"495","6","0","6"
"5430","6","0","6"
"5569","1","5","6"
"6780","6","0","6"
"2414","6","0","6"
"3920","6","0","6"
"4757","6","0","6"
"8222","6","0","6"
"4915","6","0","6"
"3242","6","0","6"
"6846","6","0","6"
"4027","6","0","6"
"4371","6","0","6"
"3939","0","6","6"
"2458","6","0","6"
"2478","6","0","6"
"2680","6","0","6"
"1033","6","0","6"
"2041","6","0","6"
"1027","6","0","6"
"729","1","5","6"
"921","6","0","6"
"4119","6","0","6"
"3518","6","0","6"
"5332","6","0","6"
"1742","6","0","6"
"292","6","0","6"
"463","6","0","6"
"1832","6","0","6"
"4148","6","0","6"
"230","6","0","6"
"7904","6","0","6"
"7812","6","0","6"
"1554","6","0","6"
"4639","0","6","6"
"2444","6","0","6"
"5834","6","0","6"
"3855","6","0","6"
"1504","6","0","6"
"4171","0","6","6"
"6801","6","0","6"
"3974","0","6","6"
"6804","6","0","6"
"3049","6","0","6"
"2286","6","0","6"
"5808","6","0","6"
"7327","6","0","6"
"8243","6","0","6"
"1011","6","0","6"
"3526","6","0","6"
"3147","6","0","6"
"1320","6","0","6"
"8024","0","6","6"
"5770","6","0","6"
"6461","6","0","6"
"4833","6","0","6"
"3536","6","0","6"
"7415","6","0","6"
"526","0","6","6"
"1010","6","0","6"
"4664","6","0","6"
"7407","1","5","6"
"4400","5","0","5"
"4779","0","5","5"
"3930","5","0","5"
"8060","5","0","5"
"6724","0","5","5"
"7161","0","5","5"
"4883","5","0","5"
"688","5","0","5"
"4313","5","0","5"
"4893","5","0","5"
"900","5","0","5"
"8061","5","0","5"
"4809","0","5","5"
"240","5","0","5"
"694","0","5","5"
"4853","5","0","5"
"4312","5","0","5"
"4783","0","5","5"
"7096","5","0","5"
"3924","5","0","5"
"3863","5","0","5"
"2282","5","0","5"
"1457","5","0","5"
"8043","0","5","5"
"4582","5","0","5"
"3869","5","0","5"
"4205","5","0","5"
"5038","5","0","5"
"4141","5","0","5"
"4200","5","0","5"
"8092","5","0","5"
"7110","5","0","5"
"4379","5","0","5"
"4155","5","0","5"
"6911","5","0","5"
"4188","0","5","5"
"8033","0","5","5"
"3839","5","0","5"
"4626","5","0","5"
"6762","0","5","5"
"1472","1","4","5"
"194","5","0","5"
"6949","5","0","5"
"5081","5","0","5"
"5069","5","0","5"
"6959","5","0","5"
"8007","0","5","5"
"4066","5","0","5"
"4426","5","0","5"
"4275","5","0","5"
"7050","5","0","5"
"4272","0","5","5"
"4526","5","0","5"
"2038","5","0","5"
"6867","5","0","5"
"6889","5","0","5"
"6769","0","5","5"
"4252","5","0","5"
"4535","5","0","5"
"944","5","0","5"
"2192","5","0","5"
"7799","0","5","5"
"3305","5","0","5"
"6317","5","0","5"
"2567","5","0","5"
"3535","5","0","5"
"3542","5","0","5"
"5309","0","5","5"
"2569","5","0","5"
"1005","5","0","5"
"1080","5","0","5"
"2885","5","0","5"
"1892","5","0","5"
"2863","5","0","5"
"7676","5","0","5"
"7316","0","5","5"
"2860","5","0","5"
"6658","5","0","5"
"1339","5","0","5"
"92","5","0","5"
"5267","2","3","5"
"6069","5","0","5"
"2839","5","0","5"
"6325","5","0","5"
"5667","5","0","5"
"5666","5","0","5"
"5664","0","5","5"
"6093","5","0","5"
"2807","5","0","5"
"3532","5","0","5"
"572","5","0","5"
"1078","5","0","5"
"7533","0","5","5"
"456","5","0","5"
"3094","5","0","5"
"5815","5","0","5"
"5832","0","5","5"
"3115","5","0","5"
"7913","0","5","5"
"5788","5","0","5"
"2523","5","0","5"
"5434","0","5","5"
"1066","5","0","5"
"557","1","4","5"
"5890","5","0","5"
"7394","5","0","5"
"5913","5","0","5"
"1759","5","0","5"
"430","5","0","5"
"6622","5","0","5"
"5368","0","5","5"
"5931","0","5","5"
"6471","5","0","5"
"489","5","0","5"
"1872","5","0","5"
"1195","5","0","5"
"5481","0","5","5"
"7402","5","0","5"
"3589","5","0","5"
"536","5","0","5"
"5588","0","5","5"
"30","5","0","5"
"295","5","0","5"
"307","5","0","5"
"2757","5","0","5"
"392","0","5","5"
"1668","5","0","5"
"5146","0","5","5"
"2614","5","0","5"
"5590","5","0","5"
"6278","0","5","5"
"5133","0","5","5"
"1940","5","0","5"
"6537","5","0","5"
"7270","5","0","5"
"6216","5","0","5"
"1299","5","0","5"
"1664","3","2","5"
"3320","5","0","5"
"6543","0","5","5"
"6545","5","0","5"
"3282","5","0","5"
"7884","5","0","5"
"3300","5","0","5"
"100","5","0","5"
"6239","5","0","5"
"6242","5","0","5"
"5153","5","0","5"
"458","4","1","5"
"1924","5","0","5"
"3354","5","0","5"
"8149","0","5","5"
"6109","0","5","5"
"1539","5","0","5"
"3673","5","0","5"
"7276","5","0","5"
"8156","5","0","5"
"1084","5","0","5"
"5656","5","0","5"
"6691","0","5","5"
"7945","5","0","5"
"2061","4","0","4"
"5763","4","0","4"
"732","4","0","4"
"3137","4","0","4"
"5769","4","0","4"
"5778","0","4","4"
"2050","4","0","4"
"724","4","0","4"
"2068","4","0","4"
"5668","4","0","4"
"4733","4","0","4"
"5662","4","0","4"
"8025","0","4","4"
"4079","4","0","4"
"6866","4","0","4"
"1362","4","0","4"
"461","4","0","4"
"4034","4","0","4"
"8028","0","4","4"
"512","0","4","4"
"5631","0","4","4"
"6883","4","0","4"
"2059","4","0","4"
"4059","4","0","4"
"5680","4","0","4"
"4062","4","0","4"
"3201","0","4","4"
"3197","4","0","4"
"736","4","0","4"
"5694","0","4","4"
"7455","4","0","4"
"5673","0","4","4"
"6896","4","0","4"
"5704","4","0","4"
"2227","4","0","4"
"4751","4","0","4"
"1765","4","0","4"
"7142","4","0","4"
"5707","4","0","4"
"4110","4","0","4"
"7508","0","4","4"
"2467","4","0","4"
"6487","4","0","4"
"185","4","0","4"
"3266","0","4","4"
"5750","4","0","4"
"4765","4","0","4"
"1946","4","0","4"
"2197","4","0","4"
"4465","4","0","4"
"4456","4","0","4"
"4459","4","0","4"
"7719","4","0","4"
"4314","4","0","4"
"6108","4","0","4"
"6107","0","4","4"
"2788","4","0","4"
"6106","0","4","4"
"107","4","0","4"
"129","4","0","4"
"6321","0","4","4"
"8068","0","4","4"
"4292","4","0","4"
"4291","4","0","4"
"8069","4","0","4"
"8277","0","4","4"
"7696","4","0","4"
"6064","4","0","4"
"4319","4","0","4"
"1680","4","0","4"
"7829","4","0","4"
"2108","4","0","4"
"7790","4","0","4"
"1308","4","0","4"
"7019","4","0","4"
"6263","4","0","4"
"6225","0","4","4"
"8289","0","4","4"
"6219","4","0","4"
"388","1","3","4"
"6207","4","0","4"
"1280","4","0","4"
"7759","4","0","4"
"4431","4","0","4"
"2111","4","0","4"
"6165","4","0","4"
"6997","0","4","4"
"7741","4","0","4"
"6133","4","0","4"
"2862","4","0","4"
"7661","4","0","4"
"1696","4","0","4"
"2985","4","0","4"
"6415","4","0","4"
"7597","4","0","4"
"7594","4","0","4"
"3025","4","0","4"
"7583","0","4","4"
"8038","0","4","4"
"4618","4","0","4"
"343","4","0","4"
"7569","4","0","4"
"3060","4","0","4"
"4630","4","0","4"
"445","4","0","4"
"5838","0","4","4"
"7106","4","0","4"
"2518","4","0","4"
"3077","4","0","4"
"1505","4","0","4"
"5921","4","0","4"
"2462","4","0","4"
"6376","0","4","4"
"5942","4","0","4"
"2901","4","0","4"
"2905","4","0","4"
"2152","4","0","4"
"2568","4","0","4"
"2153","4","0","4"
"1342","4","0","4"
"1212","4","0","4"
"6380","4","0","4"
"7071","4","0","4"
"4229","4","0","4"
"5988","4","0","4"
"5982","4","0","4"
"1198","4","0","4"
"5960","4","0","4"
"850","4","0","4"
"5950","4","0","4"
"5946","4","0","4"
"1190","4","0","4"
"1601","4","0","4"
"808","4","0","4"
"2415","4","0","4"
"3637","4","0","4"
"3625","4","0","4"
"6607","4","0","4"
"1383","4","0","4"
"1052","4","0","4"
"3623","0","4","4"
"5405","4","0","4"
"7226","4","0","4"
"5400","4","0","4"
"7293","4","0","4"
"3918","4","0","4"
"916","4","0","4"
"2346","4","0","4"
"2407","4","0","4"
"1570","4","0","4"
"2340","4","0","4"
"561","4","0","4"
"7176","4","0","4"
"5195","4","0","4"
"3932","4","0","4"
"162","4","0","4"
"7278","4","0","4"
"3669","0","4","4"
"7376","4","0","4"
"242","2","2","4"
"5152","4","0","4"
"5070","4","0","4"
"640","4","0","4"
"3406","4","0","4"
"7910","4","0","4"
"4885","4","0","4"
"7354","4","0","4"
"8190","4","0","4"
"2278","4","0","4"
"7929","4","0","4"
"3540","4","0","4"
"6646","4","0","4"
"1886","4","0","4"
"3561","4","0","4"
"570","4","0","4"
"4991","0","4","4"
"3513","4","0","4"
"43","4","0","4"
"1526","4","0","4"
"2363","4","0","4"
"6753","4","0","4"
"5282","4","0","4"
"3583","4","0","4"
"4383","4","0","4"
"8094","4","0","4"
"8189","4","0","4"
"4946","0","4","4"
"5010","4","0","4"
"2287","4","0","4"
"2393","4","0","4"
"6621","0","4","4"
"3598","4","0","4"
"5381","4","0","4"
"156","4","0","4"
"3610","4","0","4"
"6747","4","0","4"
"5024","4","0","4"
"7180","4","0","4"
"6671","4","0","4"
"5036","4","0","4"
"7967","4","0","4"
"7365","1","3","4"
"7933","4","0","4"
"6570","4","0","4"
"6717","4","0","4"
"7903","4","0","4"
"7424","4","0","4"
"7253","4","0","4"
"5114","4","0","4"
"1082","4","0","4"
"3374","4","0","4"
"3983","4","0","4"
"2306","4","0","4"
"4840","4","0","4"
"1373","4","0","4"
"6815","4","0","4"
"3377","4","0","4"
"7230","4","0","4"
"1085","4","0","4"
"6713","4","0","4"
"3688","4","0","4"
"3340","4","0","4"
"3725","4","0","4"
"701","4","0","4"
"535","0","4","4"
"964","4","0","4"
"4000","4","0","4"
"534","4","0","4"
"5142","4","0","4"
"4014","0","4","4"
"3391","4","0","4"
"4881","4","0","4"
"4864","4","0","4"
"7164","4","0","4"
"5544","4","0","4"
"8139","0","4","4"
"3749","4","0","4"
"4862","4","0","4"
"6829","4","0","4"
"713","4","0","4"
"3747","4","0","4"
"5495","4","0","4"
"5085","4","0","4"
"1812","4","0","4"
"6015","3","0","3"
"6954","3","0","3"
"4533","3","0","3"
"1993","3","0","3"
"6232","3","0","3"
"6013","3","0","3"
"2125","3","0","3"
"6331","3","0","3"
"7011","3","0","3"
"1995","3","0","3"
"6070","3","0","3"
"6648","3","0","3"
"6339","3","0","3"
"5274","0","3","3"
"4395","3","0","3"
"5303","0","3","3"
"6055","0","3","3"
"6054","0","3","3"
"5095","3","0","3"
"5104","3","0","3"
"1520","3","0","3"
"6026","3","0","3"
"6719","3","0","3"
"8171","3","0","3"
"6049","3","0","3"
"386","3","0","3"
"5080","3","0","3"
"6071","3","0","3"
"5154","3","0","3"
"6176","3","0","3"
"6119","3","0","3"
"642","3","0","3"
"6169","3","0","3"
"8271","1","2","3"
"5060","3","0","3"
"8286","0","3","3"
"6312","3","0","3"
"6127","3","0","3"
"4496","3","0","3"
"5151","3","0","3"
"6706","3","0","3"
"6149","0","3","3"
"2110","3","0","3"
"6295","3","0","3"
"5078","3","0","3"
"6157","3","0","3"
"6160","3","0","3"
"6180","3","0","3"
"6286","3","0","3"
"5197","3","0","3"
"6182","3","0","3"
"268","3","0","3"
"1952","3","0","3"
"1912","3","0","3"
"1943","3","0","3"
"5126","3","0","3"
"6081","3","0","3"
"5238","3","0","3"
"6213","3","0","3"
"6212","3","0","3"
"6208","3","0","3"
"8066","3","0","3"
"5090","3","0","3"
"5040","3","0","3"
"6202","3","0","3"
"6190","3","0","3"
"6683","3","0","3"
"374","3","0","3"
"6088","0","3","3"
"1581","1","2","3"
"1876","3","0","3"
"5722","3","0","3"
"316","3","0","3"
"4705","3","0","3"
"5501","3","0","3"
"6802","3","0","3"
"511","3","0","3"
"5686","3","0","3"
"541","3","0","3"
"4874","3","0","3"
"5480","3","0","3"
"4882","3","0","3"
"5469","0","3","3"
"5720","3","0","3"
"2054","3","0","3"
"2049","3","0","3"
"493","3","0","3"
"690","3","0","3"
"4684","0","3","3"
"4887","0","3","3"
"1830","3","0","3"
"1606","3","0","3"
"4674","3","0","3"
"1831","3","0","3"
"5760","3","0","3"
"5448","3","0","3"
"555","3","0","3"
"5442","0","3","3"
"4856","3","0","3"
"4714","3","0","3"
"5333","3","0","3"
"293","3","0","3"
"5558","3","0","3"
"5565","3","0","3"
"5540","3","0","3"
"5536","3","0","3"
"4771","3","0","3"
"6561","3","0","3"
"5603","3","0","3"
"5533","0","3","3"
"238","3","0","3"
"531","1","2","3"
"5615","3","0","3"
"5627","3","0","3"
"4750","3","0","3"
"6870","3","0","3"
"1599","3","0","3"
"4749","3","0","3"
"8227","1","2","3"
"4741","3","0","3"
"625","3","0","3"
"4737","3","0","3"
"5661","3","0","3"
"5521","3","0","3"
"5503","0","3","3"
"4850","3","0","3"
"4851","3","0","3"
"4852","3","0","3"
"6456","3","0","3"
"5792","0","3","3"
"5797","3","0","3"
"4566","3","0","3"
"4595","3","0","3"
"1869","3","0","3"
"6625","3","0","3"
"5363","0","3","3"
"5949","3","0","3"
"5352","3","0","3"
"4581","3","0","3"
"770","3","0","3"
"4952","3","0","3"
"5955","0","3","3"
"5958","3","0","3"
"6408","3","0","3"
"5965","3","0","3"
"245","3","0","3"
"419","0","3","3"
"5344","3","0","3"
"4561","0","3","3"
"4560","3","0","3"
"5336","3","0","3"
"5993","3","0","3"
"1632","3","0","3"
"772","3","0","3"
"4553","3","0","3"
"414","3","0","3"
"6383","3","0","3"
"6381","3","0","3"
"5930","3","0","3"
"5923","3","0","3"
"2011","3","0","3"
"2012","3","0","3"
"5428","3","0","3"
"1738","3","0","3"
"4659","3","0","3"
"2067","3","0","3"
"6779","3","0","3"
"460","3","0","3"
"6778","0","3","3"
"6776","3","0","3"
"5401","3","0","3"
"6912","3","0","3"
"4923","3","0","3"
"5846","3","0","3"
"1503","3","0","3"
"6440","3","0","3"
"6436","3","0","3"
"5868","3","0","3"
"6428","3","0","3"
"6775","3","0","3"
"5882","0","3","3"
"1560","3","0","3"
"4933","3","0","3"
"5885","3","0","3"
"344","3","0","3"
"5388","0","3","3"
"5386","3","0","3"
"5939","3","0","3"
"6257","0","3","3"
"4213","3","0","3"
"3367","3","0","3"
"2733","3","0","3"
"2184","3","0","3"
"3705","3","0","3"
"7380","3","0","3"
"1068","3","0","3"
"7165","3","0","3"
"3422","3","0","3"
"2994","3","0","3"
"2738","3","0","3"
"7260","3","0","3"
"2321","3","0","3"
"1134","3","0","3"
"2998","3","0","3"
"3686","3","0","3"
"3979","3","0","3"
"1187","3","0","3"
"2188","3","0","3"
"4178","3","0","3"
"2423","0","3","3"
"7605","3","0","3"
"3123","3","0","3"
"3004","3","0","3"
"3448","3","0","3"
"2194","3","0","3"
"3119","3","0","3"
"7271","3","0","3"
"2196","3","0","3"
"3132","3","0","3"
"3403","3","0","3"
"1340","3","0","3"
"3955","3","0","3"
"7061","3","0","3"
"962","3","0","3"
"7401","3","0","3"
"7064","3","0","3"
"3742","3","0","3"
"3947","3","0","3"
"3735","3","0","3"
"3384","3","0","3"
"2314","3","0","3"
"165","3","0","3"
"8048","3","0","3"
"3138","0","3","3"
"2161","3","0","3"
"2986","3","0","3"
"4232","3","0","3"
"4228","3","0","3"
"2728","3","0","3"
"4220","3","0","3"
"3397","3","0","3"
"2177","3","0","3"
"2316","3","0","3"
"2886","3","0","3"
"3399","3","0","3"
"2319","3","0","3"
"886","3","0","3"
"8041","3","0","3"
"1138","3","0","3"
"4164","3","0","3"
"7273","0","3","3"
"1400","3","0","3"
"7126","3","0","3"
"7687","3","0","3"
"3023","0","3","3"
"4089","3","0","3"
"2845","3","0","3"
"3530","3","0","3"
"3543","3","0","3"
"2224","3","0","3"
"181","3","0","3"
"1451","3","0","3"
"7134","3","0","3"
"1338","3","0","3"
"7321","3","0","3"
"1355","3","0","3"
"2789","3","0","3"
"1401","3","0","3"
"3563","3","0","3"
"7565","3","0","3"
"3063","3","0","3"
"7318","0","3","3"
"2360","3","0","3"
"1329","3","0","3"
"7139","3","0","3"
"1443","3","0","3"
"7570","3","0","3"
"2244","0","3","3"
"4023","3","0","3"
"1147","3","0","3"
"2412","3","0","3"
"3495","3","0","3"
"2762","3","0","3"
"862","3","0","3"
"2198","3","0","3"
"3468","3","0","3"
"7919","3","0","3"
"2867","3","0","3"
"2858","3","0","3"
"7601","3","0","3"
"3656","3","0","3"
"7735","0","3","3"
"8021","1","2","3"
"3492","3","0","3"
"1359","3","0","3"
"2250","3","0","3"
"2214","3","0","3"
"7546","3","0","3"
"3096","3","0","3"
"4120","3","0","3"
"3499","3","0","3"
"115","3","0","3"
"7344","3","0","3"
"4104","3","0","3"
"3017","3","0","3"
"3515","3","0","3"
"2780","3","0","3"
"7554","3","0","3"
"2500","3","0","3"
"883","3","0","3"
"7042","0","3","3"
"3181","3","0","3"
"3280","3","0","3"
"7444","3","0","3"
"7492","3","0","3"
"3210","3","0","3"
"3162","3","0","3"
"2626","3","0","3"
"4325","3","0","3"
"4303","0","3","3"
"3800","3","0","3"
"7441","3","0","3"
"4265","0","3","3"
"3797","0","3","3"
"7204","0","3","3"
"3233","3","0","3"
"2127","3","0","3"
"1105","3","0","3"
"7484","3","0","3"
"3237","0","3","3"
"7623","3","0","3"
"811","3","0","3"
"3239","3","0","3"
"812","3","0","3"
"4318","3","0","3"
"2482","3","0","3"
"1301","3","0","3"
"7189","3","0","3"
"3876","3","0","3"
"4317","3","0","3"
"3890","3","0","3"
"2139","3","0","3"
"7771","3","0","3"
"3269","3","0","3"
"3900","3","0","3"
"814","3","0","3"
"4307","3","0","3"
"7024","3","0","3"
"7514","3","0","3"
"8063","3","0","3"
"3833","3","0","3"
"7518","3","0","3"
"3771","3","0","3"
"3782","3","0","3"
"4344","3","0","3"
"2969","3","0","3"
"3355","3","0","3"
"3250","3","0","3"
"2469","3","0","3"
"2309","3","0","3"
"4375","3","0","3"
"1346","3","0","3"
"3763","3","0","3"
"832","3","0","3"
"169","3","0","3"
"7502","3","0","3"
"7452","3","0","3"
"7780","3","0","3"
"3780","3","0","3"
"7020","3","0","3"
"1197","3","0","3"
"830","3","0","3"
"3249","3","0","3"
"7520","3","0","3"
"7044","3","0","3"
"3316","3","0","3"
"7968","3","0","3"
"1429","3","0","3"
"7215","0","3","3"
"957","3","0","3"
"3016","2","0","2"
"1406","2","0","2"
"652","2","0","2"
"1427","2","0","2"
"3825","0","2","2"
"3832","1","1","2"
"5202","2","0","2"
"8150","2","0","2"
"5892","2","0","2"
"5899","2","0","2"
"651","2","0","2"
"7284","2","0","2"
"1343","2","0","2"
"1344","2","0","2"
"3827","2","0","2"
"5098","2","0","2"
"987","2","0","2"
"2352","2","0","2"
"7298","2","0","2"
"7853","2","0","2"
"3850","2","0","2"
"5247","2","0","2"
"1981","2","0","2"
"5248","2","0","2"
"3851","2","0","2"
"1914","2","0","2"
"2527","2","0","2"
"3604","2","0","2"
"931","2","0","2"
"5261","2","0","2"
"5861","2","0","2"
"1625","2","0","2"
"5241","2","0","2"
"2349","2","0","2"
"8270","2","0","2"
"5232","2","0","2"
"2531","2","0","2"
"5003","2","0","2"
"6751","2","0","2"
"8131","2","0","2"
"1170","2","0","2"
"5883","2","0","2"
"5884","2","0","2"
"7948","2","0","2"
"591","2","0","2"
"7292","0","2","2"
"8157","2","0","2"
"6681","0","2","2"
"2561","2","0","2"
"648","2","0","2"
"1630","2","0","2"
"1529","2","0","2"
"2317","2","0","2"
"6734","2","0","2"
"3788","2","0","2"
"7609","2","0","2"
"1421","2","0","2"
"5067","2","0","2"
"5962","2","0","2"
"7608","2","0","2"
"6710","2","0","2"
"7969","2","0","2"
"641","2","0","2"
"7845","2","0","2"
"3701","0","2","2"
"3700","2","0","2"
"2956","0","2","2"
"2320","2","0","2"
"2318","2","0","2"
"1535","2","0","2"
"7282","2","0","2"
"3722","2","0","2"
"2975","2","0","2"
"3750","2","0","2"
"1349","2","0","2"
"3744","2","0","2"
"3761","2","0","2"
"7843","2","0","2"
"2551","2","0","2"
"1945","2","0","2"
"5117","2","0","2"
"2965","2","0","2"
"3779","2","0","2"
"5956","0","2","2"
"7842","2","0","2"
"5938","2","0","2"
"1944","2","0","2"
"3689","2","0","2"
"3685","2","0","2"
"969","2","0","2"
"1188","2","0","2"
"2331","2","0","2"
"6695","2","0","2"
"973","2","0","2"
"3821","2","0","2"
"5911","2","0","2"
"5186","2","0","2"
"1923","2","0","2"
"597","2","0","2"
"5909","2","0","2"
"3823","2","0","2"
"1626","2","0","2"
"5032","2","0","2"
"3653","2","0","2"
"6746","2","0","2"
"6416","2","0","2"
"2330","2","0","2"
"6696","2","0","2"
"8146","2","0","2"
"5164","2","0","2"
"5054","2","0","2"
"1968","2","0","2"
"3679","2","0","2"
"6406","2","0","2"
"2296","2","0","2"
"3677","2","0","2"
"2295","2","0","2"
"5914","2","0","2"
"6744","2","0","2"
"5919","2","0","2"
"5046","2","0","2"
"2293","2","0","2"
"3674","2","0","2"
"8145","2","0","2"
"2558","2","0","2"
"1145","2","0","2"
"7302","2","0","2"
"2451","2","0","2"
"5516","2","0","2"
"5747","2","0","2"
"6475","0","2","2"
"3357","2","0","2"
"5520","2","0","2"
"6568","0","2","2"
"1761","2","0","2"
"1087","2","0","2"
"7417","2","0","2"
"7418","2","0","2"
"6551","2","0","2"
"1090","2","0","2"
"7893","2","0","2"
"3323","2","0","2"
"1093","2","0","2"
"7426","2","0","2"
"5731","2","0","2"
"7428","2","0","2"
"2496","2","0","2"
"1094","2","0","2"
"7413","2","0","2"
"3361","2","0","2"
"5512","2","0","2"
"5749","2","0","2"
"1827","2","0","2"
"5475","2","0","2"
"2437","2","0","2"
"544","2","0","2"
"3396","2","0","2"
"7909","0","2","2"
"1079","2","0","2"
"6469","2","0","2"
"3140","2","0","2"
"3389","2","0","2"
"134","2","0","2"
"1607","2","0","2"
"2503","2","0","2"
"3383","2","0","2"
"5754","0","2","2"
"1083","2","0","2"
"5504","2","0","2"
"1126","2","0","2"
"539","2","0","2"
"3160","2","0","2"
"497","2","0","2"
"5471","0","2","2"
"6517","2","0","2"
"5610","2","0","2"
"1790","2","0","2"
"6495","2","0","2"
"3247","2","0","2"
"5622","2","0","2"
"3246","2","0","2"
"7881","0","2","2"
"6520","2","0","2"
"1782","2","0","2"
"5640","2","0","2"
"3296","2","0","2"
"3211","2","0","2"
"5646","2","0","2"
"5649","2","0","2"
"5650","2","0","2"
"7467","0","2","2"
"3216","2","0","2"
"5657","2","0","2"
"5670","2","0","2"
"5660","2","0","2"
"7875","2","0","2"
"1106","2","0","2"
"3259","2","0","2"
"5601","2","0","2"
"1100","2","0","2"
"6546","2","0","2"
"3279","2","0","2"
"3278","2","0","2"
"6489","2","0","2"
"6490","2","0","2"
"1764","2","0","2"
"1809","2","0","2"
"5579","2","0","2"
"5580","2","0","2"
"5581","2","0","2"
"5583","2","0","2"
"3272","2","0","2"
"3270","2","0","2"
"3268","2","0","2"
"6536","2","0","2"
"3183","2","0","2"
"3185","2","0","2"
"6492","2","0","2"
"1828","2","0","2"
"7534","0","2","2"
"3595","2","0","2"
"6636","2","0","2"
"3075","2","0","2"
"6643","2","0","2"
"5329","2","0","2"
"6641","0","2","2"
"7330","2","0","2"
"7932","2","0","2"
"3083","2","0","2"
"7931","2","0","2"
"5343","2","0","2"
"1392","2","0","2"
"2390","2","0","2"
"5347","2","0","2"
"3862","2","0","2"
"7549","2","0","2"
"7864","2","0","2"
"5813","2","0","2"
"7348","2","0","2"
"3101","2","0","2"
"3491","2","0","2"
"5366","2","0","2"
"2373","2","0","2"
"6645","2","0","2"
"7329","2","0","2"
"3539","2","0","2"
"3594","2","0","2"
"342","2","0","2"
"2359","2","0","2"
"5275","2","0","2"
"3585","2","0","2"
"3579","2","0","2"
"3578","2","0","2"
"5283","2","0","2"
"5284","2","0","2"
"444","2","0","2"
"3061","2","0","2"
"7938","2","0","2"
"3070","2","0","2"
"3564","2","0","2"
"1887","2","0","2"
"7860","2","0","2"
"2370","2","0","2"
"3545","2","0","2"
"7861","2","0","2"
"3490","2","0","2"
"1867","2","0","2"
"2434","2","0","2"
"5440","2","0","2"
"1572","2","0","2"
"3444","2","0","2"
"3441","2","0","2"
"3124","2","0","2"
"7371","2","0","2"
"6457","2","0","2"
"5785","2","0","2"
"8241","2","0","2"
"1067","2","0","2"
"6459","2","0","2"
"1862","2","0","2"
"3425","2","0","2"
"5447","2","0","2"
"333","2","0","2"
"552","2","0","2"
"5456","2","0","2"
"3129","2","0","2"
"7383","2","0","2"
"2429","2","0","2"
"1829","2","0","2"
"5424","2","0","2"
"2422","0","2","2"
"1840","2","0","2"
"1059","2","0","2"
"5380","2","0","2"
"1388","2","0","2"
"5803","2","0","2"
"6452","2","0","2"
"2399","2","0","2"
"2402","2","0","2"
"2403","2","0","2"
"5390","2","0","2"
"3471","2","0","2"
"6614","2","0","2"
"5398","2","0","2"
"2406","2","0","2"
"7916","2","0","2"
"1139","2","0","2"
"8193","2","0","2"
"2413","2","0","2"
"1048","2","0","2"
"3118","2","0","2"
"5793","0","2","2"
"7199","2","0","2"
"7476","2","0","2"
"3865","2","0","2"
"4130","2","0","2"
"4658","0","2","2"
"4147","2","0","2"
"4145","2","0","2"
"1675","2","0","2"
"4135","2","0","2"
"6904","0","2","2"
"7736","2","0","2"
"4133","2","0","2"
"2064","2","0","2"
"4672","2","0","2"
"6135","2","0","2"
"190","2","0","2"
"4129","2","0","2"
"1262","2","0","2"
"4126","2","0","2"
"4125","2","0","2"
"6132","2","0","2"
"4121","2","0","2"
"6899","2","0","2"
"4693","2","0","2"
"7728","2","0","2"
"6128","2","0","2"
"4655","2","0","2"
"4149","2","0","2"
"2200","2","0","2"
"4651","2","0","2"
"4602","2","0","2"
"758","2","0","2"
"4194","2","0","2"
"7752","2","0","2"
"4609","2","0","2"
"7750","2","0","2"
"1271","2","0","2"
"4190","2","0","2"
"855","2","0","2"
"6915","2","0","2"
"4623","2","0","2"
"4624","2","0","2"
"8076","0","2","2"
"754","2","0","2"
"7107","2","0","2"
"2758","2","0","2"
"4640","2","0","2"
"4163","2","0","2"
"8077","2","0","2"
"4159","2","0","2"
"7109","2","0","2"
"1260","2","0","2"
"1328","2","0","2"
"1677","2","0","2"
"4744","2","0","2"
"2036","2","0","2"
"726","2","0","2"
"1681","2","0","2"
"7138","2","0","2"
"6861","2","0","2"
"6858","0","2","2"
"8088","2","0","2"
"1683","2","0","2"
"7706","2","0","2"
"8005","2","0","2"
"4053","2","0","2"
"1252","2","0","2"
"2808","2","0","2"
"6319","2","0","2"
"1244","2","0","2"
"7831","2","0","2"
"7703","2","0","2"
"2817","2","0","2"
"1333","2","0","2"
"4782","2","0","2"
"2029","2","0","2"
"4745","2","0","2"
"4743","2","0","2"
"7724","2","0","2"
"4742","2","0","2"
"6121","2","0","2"
"6880","2","0","2"
"4095","2","0","2"
"661","2","0","2"
"6116","2","0","2"
"6114","2","0","2"
"7127","2","0","2"
"6313","2","0","2"
"7128","2","0","2"
"4086","0","2","2"
"2044","2","0","2"
"7130","2","0","2"
"2042","2","0","2"
"4721","2","0","2"
"7717","2","0","2"
"7716","2","0","2"
"8010","2","0","2"
"877","2","0","2"
"6864","2","0","2"
"6863","2","0","2"
"7136","2","0","2"
"2615","2","0","2"
"851","2","0","2"
"4026","2","0","2"
"2141","2","0","2"
"8058","0","2","2"
"4446","2","0","2"
"4327","2","0","2"
"7035","2","0","2"
"7036","2","0","2"
"4320","2","0","2"
"4458","2","0","2"
"4460","2","0","2"
"4461","2","0","2"
"7806","2","0","2"
"2104","2","0","2"
"218","2","0","2"
"7770","2","0","2"
"2103","2","0","2"
"2630","2","0","2"
"7815","2","0","2"
"4474","2","0","2"
"4477","2","0","2"
"2142","2","0","2"
"824","2","0","2"
"4481","0","2","2"
"792","2","0","2"
"800","2","0","2"
"4333","2","0","2"
"7033","0","2","2"
"7779","2","0","2"
"6252","2","0","2"
"7014","2","0","2"
"4369","2","0","2"
"1318","2","0","2"
"1311","2","0","2"
"4366","2","0","2"
"381","2","0","2"
"1310","2","0","2"
"1645","2","0","2"
"1474","2","0","2"
"7002","2","0","2"
"2663","2","0","2"
"6230","2","0","2"
"4425","2","0","2"
"815","2","0","2"
"4345","2","0","2"
"7029","2","0","2"
"818","2","0","2"
"4434","2","0","2"
"7030","2","0","2"
"4436","2","0","2"
"7767","2","0","2"
"2096","2","0","2"
"4290","2","0","2"
"4544","0","2","2"
"7070","2","0","2"
"4237","0","2","2"
"211","2","0","2"
"7756","2","0","2"
"2170","2","0","2"
"4565","2","0","2"
"4567","2","0","2"
"6177","2","0","2"
"2730","2","0","2"
"1502","2","0","2"
"4575","2","0","2"
"4215","2","0","2"
"4577","2","0","2"
"4208","2","0","2"
"7087","2","0","2"
"768","2","0","2"
"4591","2","0","2"
"4204","2","0","2"
"7753","2","0","2"
"7089","2","0","2"
"6935","2","0","2"
"775","2","0","2"
"4543","2","0","2"
"6974","2","0","2"
"6184","2","0","2"
"7765","0","2","2"
"4285","2","0","2"
"4492","2","0","2"
"2715","2","0","2"
"6201","2","0","2"
"6965","0","2","2"
"4500","2","0","2"
"4502","2","0","2"
"4504","2","0","2"
"6961","2","0","2"
"22","2","0","2"
"8054","2","0","2"
"6197","2","0","2"
"6196","2","0","2"
"6958","2","0","2"
"2149","2","0","2"
"6192","2","0","2"
"780","2","0","2"
"4257","2","0","2"
"4250","2","0","2"
"4245","2","0","2"
"6845","2","0","2"
"6118","2","0","2"
"7172","2","0","2"
"1214","2","0","2"
"2880","2","0","2"
"2919","2","0","2"
"4860","2","0","2"
"1434","2","0","2"
"905","2","0","2"
"7163","2","0","2"
"7993","2","0","2"
"3889","2","0","2"
"3978","2","0","2"
"1341","2","0","2"
"4870","2","0","2"
"6795","2","0","2"
"6356","2","0","2"
"6771","2","0","2"
"91","2","0","2"
"2574","2","0","2"
"902","2","0","2"
"2924","2","0","2"
"4876","0","2","2"
"3989","2","0","2"
"4838","2","0","2"
"4842","2","0","2"
"2562","2","0","2"
"8112","2","0","2"
"4844","2","0","2"
"2577","2","0","2"
"2018","2","0","2"
"6046","2","0","2"
"4855","2","0","2"
"4849","2","0","2"
"3984","2","0","2"
"8111","2","0","2"
"3980","2","0","2"
"3929","2","0","2"
"6767","2","0","2"
"4854","2","0","2"
"7991","0","2","2"
"6017","2","0","2"
"2865","2","0","2"
"7837","2","0","2"
"4906","2","0","2"
"7650","2","0","2"
"7179","2","0","2"
"4909","2","0","2"
"4925","2","0","2"
"4910","2","0","2"
"1430","2","0","2"
"4922","2","0","2"
"3908","0","2","2"
"7178","2","0","2"
"4912","2","0","2"
"4920","2","0","2"
"2898","2","0","2"
"7175","2","0","2"
"4914","2","0","2"
"3928","2","0","2"
"4904","2","0","2"
"4903","2","0","2"
"6378","2","0","2"
"3954","2","0","2"
"4936","2","0","2"
"7184","2","0","2"
"3959","2","0","2"
"910","2","0","2"
"3905","2","0","2"
"6367","2","0","2"
"409","2","0","2"
"4932","2","0","2"
"4901","2","0","2"
"4889","2","0","2"
"6031","2","0","2"
"3945","2","0","2"
"4789","2","0","2"
"7181","2","0","2"
"7173","2","0","2"
"2269","2","0","2"
"4837","2","0","2"
"2563","2","0","2"
"5995","2","0","2"
"4825","2","0","2"
"6841","2","0","2"
"2852","2","0","2"
"6326","2","0","2"
"3870","2","0","2"
"7686","2","0","2"
"4975","2","0","2"
"6333","2","0","2"
"4821","2","0","2"
"6062","2","0","2"
"2931","2","0","2"
"6822","2","0","2"
"5997","2","0","2"
"2583","2","0","2"
"4015","2","0","2"
"4016","2","0","2"
"7684","2","0","2"
"6812","2","0","2"
"4019","2","0","2"
"6826","0","2","2"
"8097","2","0","2"
"350","2","0","2"
"4799","2","0","2"
"6834","2","0","2"
"4805","2","0","2"
"6760","2","0","2"
"6818","2","0","2"
"666","2","0","2"
"1690","2","0","2"
"416","2","0","2"
"662","2","0","2"
"3998","2","0","2"
"4006","2","0","2"
"357","2","0","2"
"4972","2","0","2"
"3992","2","0","2"
"2586","2","0","2"
"4793","2","0","2"
"3881","2","0","2"
"7678","2","0","2"
"7480","1","0","1"
"7481","1","0","1"
"8265","1","0","1"
"6480","1","0","1"
"6389","1","0","1"
"6392","1","0","1"
"6507","1","0","1"
"7636","0","1","1"
"8273","1","0","1"
"330","1","0","1"
"118","1","0","1"
"7789","1","0","1"
"8233","1","0","1"
"6276","1","0","1"
"7821","1","0","1"
"7477","1","0","1"
"6273","1","0","1"
"6391","1","0","1"
"7619","1","0","1"
"7524","1","0","1"
"7761","1","0","1"
"6258","1","0","1"
"7482","1","0","1"
"7616","1","0","1"
"7617","1","0","1"
"7796","1","0","1"
"6477","1","0","1"
"7800","1","0","1"
"6506","1","0","1"
"6259","0","1","1"
"7523","1","0","1"
"7762","1","0","1"
"6478","1","0","1"
"7522","1","0","1"
"6275","1","0","1"
"7483","1","0","1"
"7485","1","0","1"
"6508","1","0","1"
"7869","1","0","1"
"7501","1","0","1"
"6393","1","0","1"
"6395","1","0","1"
"7509","1","0","1"
"7639","1","0","1"
"7773","1","0","1"
"7495","0","1","1"
"7804","1","0","1"
"6265","1","0","1"
"7506","0","1","1"
"7781","1","0","1"
"7777","1","0","1"
"6267","0","1","1"
"7505","1","0","1"
"6396","1","0","1"
"8229","1","0","1"
"7637","1","0","1"
"8231","1","0","1"
"7802","1","0","1"
"7503","1","0","1"
"6387","1","0","1"
"7638","1","0","1"
"6266","1","0","1"
"6509","1","0","1"
"7630","1","0","1"
"6493","1","0","1"
"7805","1","0","1"
"7644","1","0","1"
"7486","1","0","1"
"6397","1","0","1"
"8272","1","0","1"
"375","1","0","1"
"6485","1","0","1"
"7487","1","0","1"
"323","1","0","1"
"7801","1","0","1"
"7783","1","0","1"
"7626","1","0","1"
"6379","1","0","1"
"7515","1","0","1"
"6399","1","0","1"
"7645","1","0","1"
"7782","1","0","1"
"7814","1","0","1"
"7629","1","0","1"
"7513","1","0","1"
"7494","1","0","1"
"6497","1","0","1"
"6264","1","0","1"
"7870","1","0","1"
"8232","1","0","1"
"8266","1","0","1"
"7841","1","0","1"
"7525","1","0","1"
"6429","1","0","1"
"7527","1","0","1"
"7863","1","0","1"
"8252","1","0","1"
"7599","1","0","1"
"8251","1","0","1"
"7563","1","0","1"
"8248","1","0","1"
"6315","1","0","1"
"7720","1","0","1"
"7721","1","0","1"
"355","1","0","1"
"7600","1","0","1"
"6448","1","0","1"
"7836","1","0","1"
"85","1","0","1"
"7830","1","0","1"
"7672","0","1","1"
"8253","1","0","1"
"7550","1","0","1"
"6348","1","0","1"
"7670","1","0","1"
"6349","1","0","1"
"7729","1","0","1"
"7602","1","0","1"
"7849","1","0","1"
"7732","1","0","1"
"8260","1","0","1"
"7664","1","0","1"
"8245","1","0","1"
"8244","1","0","1"
"7545","1","0","1"
"6450","1","0","1"
"6332","1","0","1"
"7715","1","0","1"
"7540","1","0","1"
"7705","1","0","1"
"6430","1","0","1"
"7852","1","0","1"
"6431","1","0","1"
"7854","1","0","1"
"7698","1","0","1"
"7832","1","0","1"
"7577","1","0","1"
"7576","1","0","1"
"88","1","0","1"
"7572","1","0","1"
"7581","1","0","1"
"7704","1","0","1"
"112","1","0","1"
"7834","1","0","1"
"6439","1","0","1"
"7850","1","0","1"
"7571","1","0","1"
"7585","1","0","1"
"6426","1","0","1"
"8256","1","0","1"
"8255","1","0","1"
"8254","1","0","1"
"6423","1","0","1"
"7708","0","1","1"
"7851","1","0","1"
"6330","1","0","1"
"337","1","0","1"
"6444","1","0","1"
"6446","1","0","1"
"7595","1","0","1"
"7866","1","0","1"
"6451","1","0","1"
"7822","1","0","1"
"117","1","0","1"
"7536","1","0","1"
"7611","1","0","1"
"6371","1","0","1"
"8236","1","0","1"
"7660","1","0","1"
"7535","1","0","1"
"6411","1","0","1"
"7754","1","0","1"
"6288","1","0","1"
"6374","1","0","1"
"6410","1","0","1"
"8264","1","0","1"
"7531","1","0","1"
"7868","1","0","1"
"6287","1","0","1"
"7867","1","0","1"
"6466","1","0","1"
"7826","1","0","1"
"6468","1","0","1"
"7758","1","0","1"
"7613","1","0","1"
"6375","1","0","1"
"7528","1","0","1"
"6282","1","0","1"
"7615","1","0","1"
"6470","1","0","1"
"8274","1","0","1"
"6281","1","0","1"
"7760","1","0","1"
"6279","0","1","1"
"6291","1","0","1"
"6366","1","0","1"
"6413","1","0","1"
"6297","1","0","1"
"6304","1","0","1"
"6301","1","0","1"
"369","1","0","1"
"7538","1","0","1"
"7737","1","0","1"
"8261","1","0","1"
"6453","1","0","1"
"7537","1","0","1"
"6350","1","0","1"
"7848","1","0","1"
"8262","1","0","1"
"7740","1","0","1"
"6351","1","0","1"
"7663","1","0","1"
"6454","1","0","1"
"7827","1","0","1"
"6355","1","0","1"
"7742","1","0","1"
"7828","1","0","1"
"6455","1","0","1"
"6294","1","0","1"
"6293","1","0","1"
"7844","1","0","1"
"7745","1","0","1"
"8242","1","0","1"
"6292","1","0","1"
"7610","1","0","1"
"7751","1","0","1"
"6412","1","0","1"
"8238","1","0","1"
"7015","1","0","1"
"8177","1","0","1"
"7474","1","0","1"
"6808","1","0","1"
"6821","1","0","1"
"7998","1","0","1"
"6819","1","0","1"
"6816","1","0","1"
"7156","1","0","1"
"7157","1","0","1"
"8100","1","0","1"
"7158","1","0","1"
"6811","1","0","1"
"6810","1","0","1"
"8101","1","0","1"
"7159","1","0","1"
"8102","1","0","1"
"6824","1","0","1"
"6807","1","0","1"
"7160","1","0","1"
"7995","1","0","1"
"8103","1","0","1"
"8104","1","0","1"
"6800","1","0","1"
"6798","1","0","1"
"6797","1","0","1"
"6794","1","0","1"
"6793","1","0","1"
"7166","1","0","1"
"7986","0","1","1"
"8099","1","0","1"
"8098","1","0","1"
"7135","1","0","1"
"7145","1","0","1"
"8006","1","0","1"
"6862","1","0","1"
"7140","1","0","1"
"6856","0","1","1"
"6854","1","0","1"
"6852","1","0","1"
"8089","0","1","1"
"8001","1","0","1"
"8000","1","0","1"
"6847","1","0","1"
"7999","1","0","1"
"8091","1","0","1"
"7151","1","0","1"
"6828","1","0","1"
"8093","1","0","1"
"7154","1","0","1"
"6844","1","0","1"
"6843","1","0","1"
"6842","1","0","1"
"8095","1","0","1"
"6837","1","0","1"
"8096","1","0","1"
"6836","1","0","1"
"6835","1","0","1"
"239","1","0","1"
"7155","1","0","1"
"7167","1","0","1"
"7985","1","0","1"
"6791","0","1","1"
"7210","1","0","1"
"8118","1","0","1"
"7975","1","0","1"
"6761","1","0","1"
"8119","1","0","1"
"8120","1","0","1"
"6757","0","1","1"
"6756","0","1","1"
"8126","1","0","1"
"7203","1","0","1"
"6752","1","0","1"
"7205","1","0","1"
"7206","1","0","1"
"7211","1","0","1"
"7982","0","1","1"
"7974","1","0","1"
"7212","1","0","1"
"6749","1","0","1"
"6745","1","0","1"
"7973","0","1","1"
"8133","1","0","1"
"7972","1","0","1"
"7970","1","0","1"
"7217","1","0","1"
"7218","1","0","1"
"7219","1","0","1"
"7220","1","0","1"
"7197","1","0","1"
"6764","1","0","1"
"253","1","0","1"
"8115","1","0","1"
"7170","1","0","1"
"7981","1","0","1"
"6787","1","0","1"
"7174","1","0","1"
"8105","1","0","1"
"6782","1","0","1"
"63","1","0","1"
"7177","1","0","1"
"8106","1","0","1"
"7978","1","0","1"
"248","1","0","1"
"6773","1","0","1"
"7976","1","0","1"
"7187","1","0","1"
"8108","1","0","1"
"7190","1","0","1"
"7191","0","1","1"
"8109","1","0","1"
"7192","1","0","1"
"8110","1","0","1"
"7193","1","0","1"
"6768","1","0","1"
"7194","1","0","1"
"7195","0","1","1"
"8114","1","0","1"
"7137","1","0","1"
"8009","1","0","1"
"7473","1","0","1"
"6963","1","0","1"
"7037","1","0","1"
"6983","0","1","1"
"7041","1","0","1"
"6981","1","0","1"
"207","1","0","1"
"6978","1","0","1"
"8057","1","0","1"
"8056","1","0","1"
"6972","1","0","1"
"6969","1","0","1"
"6968","1","0","1"
"8055","1","0","1"
"6962","1","0","1"
"6986","1","0","1"
"6960","1","0","1"
"200","1","0","1"
"7048","1","0","1"
"8052","1","0","1"
"7051","1","0","1"
"198","1","0","1"
"196","1","0","1"
"8070","1","0","1"
"8049","1","0","1"
"8071","1","0","1"
"210","1","0","1"
"7065","1","0","1"
"6985","1","0","1"
"6987","0","1","1"
"7133","1","0","1"
"7025","1","0","1"
"7017","1","0","1"
"7013","1","0","1"
"7018","1","0","1"
"7010","1","0","1"
"7009","1","0","1"
"7008","1","0","1"
"7007","1","0","1"
"7006","1","0","1"
"7022","1","0","1"
"7797","0","1","1"
"7003","1","0","1"
"7001","1","0","1"
"8064","1","0","1"
"6990","1","0","1"
"7000","1","0","1"
"6999","1","0","1"
"8062","1","0","1"
"6998","1","0","1"
"7027","1","0","1"
"7028","1","0","1"
"7031","1","0","1"
"7032","1","0","1"
"7034","0","1","1"
"6996","1","0","1"
"6995","1","0","1"
"8065","1","0","1"
"6947","1","0","1"
"7072","1","0","1"
"213","1","0","1"
"7122","1","0","1"
"7112","1","0","1"
"8023","1","0","1"
"6903","1","0","1"
"7114","1","0","1"
"233","1","0","1"
"8020","1","0","1"
"8080","1","0","1"
"8081","1","0","1"
"7118","1","0","1"
"8084","1","0","1"
"8015","0","1","1"
"8014","1","0","1"
"8013","1","0","1"
"6943","1","0","1"
"7123","1","0","1"
"6884","1","0","1"
"7124","1","0","1"
"6881","1","0","1"
"7125","1","0","1"
"6878","1","0","1"
"6877","1","0","1"
"6876","1","0","1"
"8086","1","0","1"
"8011","1","0","1"
"6871","0","1","1"
"8087","1","0","1"
"7111","1","0","1"
"8027","1","0","1"
"6905","1","0","1"
"6908","1","0","1"
"7079","1","0","1"
"8072","1","0","1"
"7082","1","0","1"
"217","1","0","1"
"7084","1","0","1"
"7085","1","0","1"
"6940","1","0","1"
"6936","1","0","1"
"6929","1","0","1"
"6928","1","0","1"
"6927","1","0","1"
"6926","1","0","1"
"8074","1","0","1"
"8040","1","0","1"
"6922","1","0","1"
"6921","1","0","1"
"8075","1","0","1"
"7095","1","0","1"
"7098","1","0","1"
"8035","1","0","1"
"225","1","0","1"
"189","1","0","1"
"7103","1","0","1"
"6910","1","0","1"
"6909","1","0","1"
"6738","1","0","1"
"7221","1","0","1"
"8135","1","0","1"
"6581","1","0","1"
"146","1","0","1"
"7382","1","0","1"
"7911","1","0","1"
"7392","1","0","1"
"6588","1","0","1"
"6587","1","0","1"
"6586","1","0","1"
"8203","1","0","1"
"6585","1","0","1"
"6584","1","0","1"
"6583","1","0","1"
"6582","1","0","1"
"6580","1","0","1"
"8202","1","0","1"
"6579","1","0","1"
"6578","1","0","1"
"7905","1","0","1"
"7403","1","0","1"
"6575","1","0","1"
"6574","1","0","1"
"7404","1","0","1"
"6573","1","0","1"
"8205","1","0","1"
"6572","1","0","1"
"141","1","0","1"
"7416","1","0","1"
"289","1","0","1"
"7377","1","0","1"
"8136","1","0","1"
"8195","1","0","1"
"7923","1","0","1"
"8181","1","0","1"
"7922","1","0","1"
"8182","1","0","1"
"6617","1","0","1"
"8183","1","0","1"
"8184","1","0","1"
"7353","1","0","1"
"8187","1","0","1"
"7920","1","0","1"
"7355","1","0","1"
"8194","1","0","1"
"7360","1","0","1"
"8199","1","0","1"
"8196","1","0","1"
"8197","1","0","1"
"7915","1","0","1"
"7914","1","0","1"
"7363","1","0","1"
"6604","1","0","1"
"7372","1","0","1"
"6603","1","0","1"
"6602","1","0","1"
"6601","1","0","1"
"287","1","0","1"
"7374","1","0","1"
"7419","1","0","1"
"6565","1","0","1"
"7420","1","0","1"
"7461","1","0","1"
"8215","1","0","1"
"6527","1","0","1"
"8216","1","0","1"
"7453","1","0","1"
"7454","1","0","1"
"7456","1","0","1"
"8221","1","0","1"
"7457","1","0","1"
"6521","1","0","1"
"7458","1","0","1"
"6519","1","0","1"
"7459","1","0","1"
"7462","1","0","1"
"8206","1","0","1"
"7878","1","0","1"
"7465","1","0","1"
"6516","1","0","1"
"7466","1","0","1"
"6515","1","0","1"
"6514","1","0","1"
"6513","1","0","1"
"7468","1","0","1"
"7469","1","0","1"
"7470","1","0","1"
"309","1","0","1"
"7472","1","0","1"
"8214","1","0","1"
"7451","1","0","1"
"137","1","0","1"
"6533","1","0","1"
"7894","1","0","1"
"7892","1","0","1"
"7891","1","0","1"
"297","1","0","1"
"7427","1","0","1"
"7889","1","0","1"
"7429","1","0","1"
"7888","1","0","1"
"7887","1","0","1"
"7430","1","0","1"
"7431","1","0","1"
"6547","1","0","1"
"7886","1","0","1"
"6544","1","0","1"
"7445","1","0","1"
"7883","1","0","1"
"6542","1","0","1"
"6541","1","0","1"
"6539","1","0","1"
"7446","1","0","1"
"7447","1","0","1"
"7448","1","0","1"
"8213","1","0","1"
"6535","1","0","1"
"6534","1","0","1"
"7925","1","0","1"
"6623","0","1","1"
"7349","1","0","1"
"8147","1","0","1"
"7268","1","0","1"
"7269","1","0","1"
"8140","1","0","1"
"6705","1","0","1"
"6703","1","0","1"
"7954","1","0","1"
"6701","1","0","1"
"6698","1","0","1"
"8142","1","0","1"
"8144","1","0","1"
"6697","1","0","1"
"7953","1","0","1"
"7950","1","0","1"
"7291","1","0","1"
"7949","1","0","1"
"6690","1","0","1"
"6689","1","0","1"
"160","1","0","1"
"7283","1","0","1"
"8153","1","0","1"
"8155","1","0","1"
"6688","1","0","1"
"7285","1","0","1"
"7286","1","0","1"
"6687","1","0","1"
"7287","1","0","1"
"7267","1","0","1"
"7265","1","0","1"
"8138","1","0","1"
"7255","1","0","1"
"6735","1","0","1"
"7223","1","0","1"
"6732","1","0","1"
"174","1","0","1"
"6731","1","0","1"
"6730","1","0","1"
"7966","1","0","1"
"6729","1","0","1"
"6728","1","0","1"
"6727","1","0","1"
"7960","1","0","1"
"7232","1","0","1"
"7959","1","0","1"
"7234","1","0","1"
"7957","0","1","1"
"7235","1","0","1"
"7956","1","0","1"
"6718","1","0","1"
"7955","1","0","1"
"7240","1","0","1"
"8137","1","0","1"
"264","1","0","1"
"7245","1","0","1"
"7251","1","0","1"
"7252","1","0","1"
"6684","1","0","1"
"7944","1","0","1"
"8180","1","0","1"
"7934","1","0","1"
"6652","1","0","1"
"6651","1","0","1"
"6650","1","0","1"
"7320","1","0","1"
"8172","1","0","1"
"7937","1","0","1"
"7326","1","0","1"
"7935","1","0","1"
"6647","1","0","1"
"8175","0","1","1"
"7016","1","0","1"
"6644","1","0","1"
"7332","1","0","1"
"6679","1","0","1"
"6639","1","0","1"
"7333","1","0","1"
"6638","1","0","1"
"7336","1","0","1"
"7337","1","0","1"
"7342","1","0","1"
"7930","1","0","1"
"6633","1","0","1"
"7345","1","0","1"
"6630","1","0","1"
"8179","1","0","1"
"7347","1","0","1"
"6653","1","0","1"
"6654","1","0","1"
"8170","1","0","1"
"6656","1","0","1"
"6678","1","0","1"
"6677","1","0","1"
"6675","1","0","1"
"6674","1","0","1"
"6673","1","0","1"
"6672","1","0","1"
"159","1","0","1"
"7296","1","0","1"
"7297","0","1","1"
"8158","1","0","1"
"7942","1","0","1"
"8159","1","0","1"
"8161","1","0","1"
"7941","1","0","1"
"7299","1","0","1"
"7300","1","0","1"
"8165","0","1","1"
"8166","1","0","1"
"8167","1","0","1"
"7940","1","0","1"
"6660","1","0","1"
"7939","1","0","1"
"7305","1","0","1"
"7309","1","0","1"
"7310","1","0","1"
"7004","1","0","1"
"4816","1","0","1"
"6254","1","0","1"
"2944","1","0","1"
"2949","1","0","1"
"1206","1","0","1"
"2952","1","0","1"
"2954","1","0","1"
"1205","1","0","1"
"2957","1","0","1"
"2960","1","0","1"
"2961","1","0","1"
"2962","1","0","1"
"1194","1","0","1"
"2970","1","0","1"
"2971","1","0","1"
"2980","1","0","1"
"2982","1","0","1"
"1189","1","0","1"
"2992","1","0","1"
"3003","1","0","1"
"1181","1","0","1"
"3008","1","0","1"
"1180","1","0","1"
"3011","1","0","1"
"2945","1","0","1"
"2938","1","0","1"
"3154","1","0","1"
"1208","1","0","1"
"2879","1","0","1"
"2881","1","0","1"
"2882","1","0","1"
"2884","1","0","1"
"2887","1","0","1"
"2888","1","0","1"
"2890","1","0","1"
"2891","1","0","1"
"2892","1","0","1"
"2893","1","0","1"
"2894","1","0","1"
"2895","1","0","1"
"2896","1","0","1"
"2899","1","0","1"
"1216","1","0","1"
"2916","1","0","1"
"2921","1","0","1"
"1213","1","0","1"
"1209","1","0","1"
"2929","1","0","1"
"2930","1","0","1"
"3012","1","0","1"
"3013","1","0","1"
"1178","1","0","1"
"1177","1","0","1"
"3085","1","0","1"
"1146","1","0","1"
"3091","1","0","1"
"3093","1","0","1"
"3097","1","0","1"
"3102","1","0","1"
"3105","0","1","1"
"3111","1","0","1"
"3112","1","0","1"
"3113","1","0","1"
"3128","1","0","1"
"3131","1","0","1"
"3133","1","0","1"
"3134","1","0","1"
"3135","1","0","1"
"1130","1","0","1"
"3143","1","0","1"
"3146","1","0","1"
"3149","1","0","1"
"3151","1","0","1"
"3152","1","0","1"
"3078","1","0","1"
"3076","1","0","1"
"3074","1","0","1"
"1158","1","0","1"
"1176","1","0","1"
"3019","1","0","1"
"1175","1","0","1"
"1174","1","0","1"
"3022","1","0","1"
"1173","1","0","1"
"1172","1","0","1"
"1171","1","0","1"
"1161","1","0","1"
"3038","1","0","1"
"1148","1","0","1"
"3042","1","0","1"
"3043","1","0","1"
"3048","1","0","1"
"3051","1","0","1"
"3052","1","0","1"
"3054","1","0","1"
"1155","1","0","1"
"3066","1","0","1"
"3071","1","0","1"
"1219","1","0","1"
"2876","1","0","1"
"1223","1","0","1"
"2761","1","0","1"
"2709","1","0","1"
"1275","1","0","1"
"2716","1","0","1"
"2717","1","0","1"
"2718","1","0","1"
"2722","1","0","1"
"2723","1","0","1"
"1274","1","0","1"
"2725","1","0","1"
"1273","1","0","1"
"2729","1","0","1"
"2731","1","0","1"
"2734","1","0","1"
"2739","1","0","1"
"2741","1","0","1"
"1272","1","0","1"
"2748","1","0","1"
"2749","1","0","1"
"2753","1","0","1"
"1269","1","0","1"
"2755","1","0","1"
"1276","1","0","1"
"2705","1","0","1"
"1294","1","0","1"
"1304","1","0","1"
"1317","1","0","1"
"1314","1","0","1"
"1313","1","0","1"
"2656","1","0","1"
"1312","1","0","1"
"2661","1","0","1"
"1309","1","0","1"
"2664","1","0","1"
"2668","1","0","1"
"2671","1","0","1"
"1295","1","0","1"
"2673","1","0","1"
"1303","1","0","1"
"2675","1","0","1"
"2678","0","1","1"
"2679","0","1","1"
"2682","1","0","1"
"2684","1","0","1"
"1302","1","0","1"
"1298","1","0","1"
"2759","1","0","1"
"1268","1","0","1"
"1224","1","0","1"
"1264","1","0","1"
"2826","1","0","1"
"2827","1","0","1"
"1231","1","0","1"
"2835","1","0","1"
"1229","1","0","1"
"2841","1","0","1"
"2846","1","0","1"
"2847","1","0","1"
"2848","1","0","1"
"2849","1","0","1"
"2850","1","0","1"
"1227","1","0","1"
"2853","1","0","1"
"1226","1","0","1"
"2857","1","0","1"
"1225","1","0","1"
"2861","1","0","1"
"2864","1","0","1"
"2868","1","0","1"
"2869","1","0","1"
"2870","1","0","1"
"2824","1","0","1"
"2823","1","0","1"
"1238","1","0","1"
"2779","1","0","1"
"2766","1","0","1"
"2767","1","0","1"
"2769","1","0","1"
"2770","1","0","1"
"2771","1","0","1"
"2772","1","0","1"
"2773","1","0","1"
"1258","1","0","1"
"2776","1","0","1"
"2782","1","0","1"
"2813","1","0","1"
"2783","1","0","1"
"2784","1","0","1"
"1257","1","0","1"
"2786","1","0","1"
"1256","1","0","1"
"1255","1","0","1"
"1254","1","0","1"
"2798","0","1","1"
"2803","1","0","1"
"3153","1","0","1"
"3156","1","0","1"
"2648","1","0","1"
"1025","1","0","1"
"3493","1","0","1"
"3494","1","0","1"
"3497","1","0","1"
"1021","1","0","1"
"3500","1","0","1"
"3504","1","0","1"
"3509","1","0","1"
"3510","1","0","1"
"3511","1","0","1"
"3514","1","0","1"
"1019","1","0","1"
"1017","1","0","1"
"3520","1","0","1"
"1016","1","0","1"
"3524","1","0","1"
"3531","1","0","1"
"3550","1","0","1"
"3551","1","0","1"
"3552","1","0","1"
"3558","1","0","1"
"3565","1","0","1"
"3487","1","0","1"
"3475","1","0","1"
"3158","1","0","1"
"3467","1","0","1"
"3405","1","0","1"
"3407","1","0","1"
"1070","1","0","1"
"3411","1","0","1"
"3412","1","0","1"
"3416","1","0","1"
"3418","1","0","1"
"3423","1","0","1"
"3424","1","0","1"
"3426","1","0","1"
"3427","1","0","1"
"3434","1","0","1"
"3436","1","0","1"
"3437","1","0","1"
"3438","1","0","1"
"3440","1","0","1"
"1060","1","0","1"
"1058","1","0","1"
"1047","1","0","1"
"1045","1","0","1"
"1040","1","0","1"
"3566","1","0","1"
"1002","1","0","1"
"3577","1","0","1"
"3581","1","0","1"
"3649","1","0","1"
"3651","1","0","1"
"3652","1","0","1"
"3654","1","0","1"
"3657","1","0","1"
"3663","1","0","1"
"3668","1","0","1"
"3675","1","0","1"
"3676","1","0","1"
"3684","1","0","1"
"3687","1","0","1"
"3690","1","0","1"
"3693","1","0","1"
"3694","1","0","1"
"3695","1","0","1"
"3696","1","0","1"
"3697","1","0","1"
"3698","1","0","1"
"3702","1","0","1"
"3703","1","0","1"
"3704","1","0","1"
"976","1","0","1"
"980","1","0","1"
"3640","1","0","1"
"3606","1","0","1"
"3582","1","0","1"
"3584","1","0","1"
"1001","1","0","1"
"3590","1","0","1"
"3592","0","1","1"
"3596","1","0","1"
"3599","1","0","1"
"3602","1","0","1"
"3605","1","0","1"
"3613","1","0","1"
"3638","1","0","1"
"992","1","0","1"
"3617","0","1","1"
"3618","1","0","1"
"3619","1","0","1"
"3620","1","0","1"
"3621","1","0","1"
"990","1","0","1"
"3628","1","0","1"
"3632","1","0","1"
"1071","1","0","1"
"1072","1","0","1"
"3401","1","0","1"
"3248","1","0","1"
"3214","1","0","1"
"3215","1","0","1"
"3217","1","0","1"
"3218","1","0","1"
"3219","1","0","1"
"3220","1","0","1"
"3221","1","0","1"
"3222","1","0","1"
"3223","1","0","1"
"3224","1","0","1"
"3226","1","0","1"
"3228","1","0","1"
"3229","1","0","1"
"3230","1","0","1"
"3231","1","0","1"
"3232","1","0","1"
"3234","1","0","1"
"1109","1","0","1"
"3240","1","0","1"
"3241","1","0","1"
"3244","1","0","1"
"3213","1","0","1"
"3212","1","0","1"
"3207","1","0","1"
"3184","1","0","1"
"3163","1","0","1"
"1120","1","0","1"
"3165","1","0","1"
"3166","1","0","1"
"3167","1","0","1"
"1115","1","0","1"
"3169","1","0","1"
"3174","1","0","1"
"3182","1","0","1"
"3186","1","0","1"
"3206","1","0","1"
"3187","1","0","1"
"1112","1","0","1"
"1110","1","0","1"
"3194","1","0","1"
"3195","0","1","1"
"3198","1","0","1"
"3203","1","0","1"
"3204","1","0","1"
"3205","0","1","1"
"3245","0","1","1"
"1108","1","0","1"
"3400","1","0","1"
"1107","1","0","1"
"3335","1","0","1"
"3339","1","0","1"
"3341","1","0","1"
"3342","1","0","1"
"3344","1","0","1"
"1088","1","0","1"
"3353","1","0","1"
"3356","1","0","1"
"3358","1","0","1"
"3359","1","0","1"
"3360","1","0","1"
"3362","1","0","1"
"3363","0","1","1"
"3368","1","0","1"
"3369","1","0","1"
"3370","1","0","1"
"1081","1","0","1"
"3382","1","0","1"
"3385","1","0","1"
"3395","1","0","1"
"3398","1","0","1"
"3332","1","0","1"
"3331","1","0","1"
"3322","1","0","1"
"1101","1","0","1"
"3257","1","0","1"
"3261","1","0","1"
"3263","1","0","1"
"3264","1","0","1"
"3267","1","0","1"
"3273","1","0","1"
"1104","1","0","1"
"3277","1","0","1"
"3281","1","0","1"
"3288","1","0","1"
"3318","1","0","1"
"3294","1","0","1"
"1096","1","0","1"
"3298","1","0","1"
"3299","1","0","1"
"3302","1","0","1"
"3303","1","0","1"
"3311","1","0","1"
"3312","1","0","1"
"3314","1","0","1"
"2649","1","0","1"
"2644","1","0","1"
"3707","1","0","1"
"1938","1","0","1"
"1941","1","0","1"
"1958","1","0","1"
"1959","1","0","1"
"1960","1","0","1"
"1971","0","1","1"
"1528","1","0","1"
"1975","1","0","1"
"1527","1","0","1"
"1978","1","0","1"
"1523","1","0","1"
"1988","1","0","1"
"1989","1","0","1"
"1519","1","0","1"
"1994","1","0","1"
"1996","1","0","1"
"1517","1","0","1"
"2000","1","0","1"
"1516","1","0","1"
"2002","1","0","1"
"1515","1","0","1"
"2005","1","0","1"
"1939","1","0","1"
"1536","1","0","1"
"2147","1","0","1"
"1934","1","0","1"
"1900","1","0","1"
"1902","1","0","1"
"1905","1","0","1"
"1906","1","0","1"
"1907","1","0","1"
"1546","1","0","1"
"1909","1","0","1"
"1911","1","0","1"
"1913","1","0","1"
"1545","1","0","1"
"1916","1","0","1"
"1917","1","0","1"
"1543","1","0","1"
"1541","1","0","1"
"1921","1","0","1"
"1540","1","0","1"
"1926","1","0","1"
"1929","1","0","1"
"1930","1","0","1"
"1932","1","0","1"
"1933","1","0","1"
"2008","1","0","1"
"2013","1","0","1"
"1512","1","0","1"
"2015","1","0","1"
"2070","1","0","1"
"2077","1","0","1"
"2081","1","0","1"
"2082","1","0","1"
"2086","1","0","1"
"2087","1","0","1"
"2089","1","0","1"
"2090","1","0","1"
"2094","1","0","1"
"1494","1","0","1"
"2100","1","0","1"
"1488","1","0","1"
"1481","1","0","1"
"2126","1","0","1"
"2131","1","0","1"
"2132","1","0","1"
"2136","1","0","1"
"2138","1","0","1"
"2143","1","0","1"
"1461","1","0","1"
"1460","1","0","1"
"1509","1","0","1"
"2058","1","0","1"
"2057","1","0","1"
"2027","1","0","1"
"1511","1","0","1"
"2017","1","0","1"
"2019","1","0","1"
"2020","1","0","1"
"2021","1","0","1"
"2023","1","0","1"
"2024","1","0","1"
"2025","1","0","1"
"2026","1","0","1"
"2028","1","0","1"
"2056","1","0","1"
"2030","1","0","1"
"2031","1","0","1"
"2032","1","0","1"
"2034","1","0","1"
"2035","1","0","1"
"2040","1","0","1"
"2045","1","0","1"
"2047","1","0","1"
"2051","1","0","1"
"1897","1","0","1"
"1551","1","0","1"
"1895","1","0","1"
"1609","1","0","1"
"1710","1","0","1"
"1712","1","0","1"
"1713","1","0","1"
"1715","1","0","1"
"1627","1","0","1"
"1721","1","0","1"
"1724","1","0","1"
"1725","1","0","1"
"1728","1","0","1"
"1620","1","0","1"
"1731","1","0","1"
"1617","1","0","1"
"1735","1","0","1"
"1736","1","0","1"
"1739","1","0","1"
"1740","1","0","1"
"1743","1","0","1"
"1616","1","0","1"
"1745","1","0","1"
"1611","1","0","1"
"1753","1","0","1"
"1708","1","0","1"
"1704","1","0","1"
"1703","1","0","1"
"1642","1","0","1"
"1651","1","0","1"
"1655","1","0","1"
"1656","1","0","1"
"1659","1","0","1"
"1660","1","0","1"
"1643","1","0","1"
"1663","1","0","1"
"1665","1","0","1"
"1666","1","0","1"
"1671","1","0","1"
"1634","1","0","1"
"1676","1","0","1"
"1682","1","0","1"
"1685","1","0","1"
"1686","1","0","1"
"1694","1","0","1"
"1695","1","0","1"
"1635","1","0","1"
"1698","1","0","1"
"1699","1","0","1"
"1755","1","0","1"
"1760","1","0","1"
"1894","1","0","1"
"1763","1","0","1"
"1568","1","0","1"
"1844","1","0","1"
"1845","1","0","1"
"1846","1","0","1"
"1561","1","0","1"
"1852","1","0","1"
"1853","1","0","1"
"1856","1","0","1"
"1559","1","0","1"
"1558","1","0","1"
"1860","1","0","1"
"1863","1","0","1"
"1866","1","0","1"
"1870","1","0","1"
"1871","1","0","1"
"1873","1","0","1"
"1881","1","0","1"
"1882","1","0","1"
"1883","1","0","1"
"1889","1","0","1"
"1890","1","0","1"
"1841","1","0","1"
"1839","1","0","1"
"1574","1","0","1"
"1797","1","0","1"
"1602","1","0","1"
"1770","1","0","1"
"1773","1","0","1"
"1775","1","0","1"
"1591","1","0","1"
"1784","1","0","1"
"1785","1","0","1"
"1590","1","0","1"
"1588","1","0","1"
"1804","1","0","1"
"1834","1","0","1"
"1584","1","0","1"
"1806","1","0","1"
"1810","1","0","1"
"1579","1","0","1"
"1578","1","0","1"
"1576","1","0","1"
"1575","1","0","1"
"1825","1","0","1"
"1826","1","0","1"
"2146","1","0","1"
"2148","1","0","1"
"2642","1","0","1"
"2455","1","0","1"
"2459","1","0","1"
"2460","1","0","1"
"2461","1","0","1"
"2463","1","0","1"
"2464","1","0","1"
"2465","1","0","1"
"2466","1","0","1"
"2471","1","0","1"
"1370","1","0","1"
"1369","1","0","1"
"2477","1","0","1"
"2487","1","0","1"
"2489","1","0","1"
"2491","1","0","1"
"2492","1","0","1"
"2494","1","0","1"
"2495","1","0","1"
"2498","1","0","1"
"1366","1","0","1"
"2505","1","0","1"
"1361","1","0","1"
"2457","1","0","1"
"2454","1","0","1"
"2150","1","0","1"
"2453","1","0","1"
"2401","1","0","1"
"2404","1","0","1"
"2405","1","0","1"
"1387","1","0","1"
"2418","1","0","1"
"2419","1","0","1"
"2424","1","0","1"
"2428","1","0","1"
"1379","1","0","1"
"1376","1","0","1"
"2438","1","0","1"
"2439","1","0","1"
"2441","1","0","1"
"2442","1","0","1"
"2443","1","0","1"
"2445","1","0","1"
"2446","1","0","1"
"2447","1","0","1"
"2448","1","0","1"
"2449","1","0","1"
"2450","1","0","1"
"2512","1","0","1"
"2513","1","0","1"
"2514","1","0","1"
"2515","1","0","1"
"1332","1","0","1"
"2603","1","0","1"
"2606","1","0","1"
"2610","1","0","1"
"1327","1","0","1"
"2616","1","0","1"
"1325","1","0","1"
"1324","1","0","1"
"2624","1","0","1"
"2627","1","0","1"
"2628","1","0","1"
"2631","1","0","1"
"2632","1","0","1"
"2633","1","0","1"
"2634","1","0","1"
"2635","1","0","1"
"2636","1","0","1"
"2637","1","0","1"
"2639","1","0","1"
"2640","1","0","1"
"2641","1","0","1"
"1334","1","0","1"
"1337","1","0","1"
"2584","1","0","1"
"2536","1","0","1"
"2519","1","0","1"
"2520","1","0","1"
"2521","1","0","1"
"2522","1","0","1"
"2526","1","0","1"
"2528","1","0","1"
"2529","1","0","1"
"2530","1","0","1"
"2534","1","0","1"
"2537","1","0","1"
"2582","1","0","1"
"2538","1","0","1"
"2540","1","0","1"
"2543","1","0","1"
"1351","1","0","1"
"2556","1","0","1"
"1345","1","0","1"
"2570","1","0","1"
"2573","1","0","1"
"2581","1","0","1"
"2396","1","0","1"
"2395","1","0","1"
"2394","1","0","1"
"2265","1","0","1"
"2218","1","0","1"
"2219","1","0","1"
"2221","1","0","1"
"2222","1","0","1"
"1452","1","0","1"
"2228","1","0","1"
"1450","1","0","1"
"1449","1","0","1"
"1448","1","0","1"
"2235","1","0","1"
"2238","1","0","1"
"2239","1","0","1"
"1445","1","0","1"
"2243","1","0","1"
"1440","1","0","1"
"1438","1","0","1"
"1436","1","0","1"
"2259","1","0","1"
"2260","1","0","1"
"2261","1","0","1"
"2262","1","0","1"
"2216","1","0","1"
"2213","1","0","1"
"2212","1","0","1"
"2183","1","0","1"
"1459","1","0","1"
"2155","1","0","1"
"1458","1","0","1"
"2164","1","0","1"
"2167","1","0","1"
"2173","1","0","1"
"2175","1","0","1"
"2179","1","0","1"
"2180","1","0","1"
"1456","1","0","1"
"1454","1","0","1"
"2187","1","0","1"
"2189","1","0","1"
"2190","1","0","1"
"2191","1","0","1"
"1455","1","0","1"
"2199","1","0","1"
"2201","1","0","1"
"2203","1","0","1"
"2204","1","0","1"
"1433","1","0","1"
"2266","1","0","1"
"2392","1","0","1"
"2267","1","0","1"
"2334","1","0","1"
"2335","1","0","1"
"2336","1","0","1"
"2337","1","0","1"
"1405","1","0","1"
"2344","1","0","1"
"2351","1","0","1"
"2353","1","0","1"
"1404","1","0","1"
"2355","1","0","1"
"2361","1","0","1"
"1399","1","0","1"
"1398","1","0","1"
"2374","1","0","1"
"1397","1","0","1"
"2380","1","0","1"
"2382","1","0","1"
"1391","1","0","1"
"2388","1","0","1"
"2389","1","0","1"
"2391","1","0","1"
"1408","1","0","1"
"1409","1","0","1"
"1410","1","0","1"
"1422","1","0","1"
"2268","1","0","1"
"2270","1","0","1"
"1431","1","0","1"
"2280","1","0","1"
"2283","1","0","1"
"2288","1","0","1"
"1426","1","0","1"
"2291","1","0","1"
"2292","1","0","1"
"2300","1","0","1"
"2315","1","0","1"
"2301","1","0","1"
"2302","1","0","1"
"2304","1","0","1"
"2305","0","1","1"
"2308","1","0","1"
"2310","1","0","1"
"2311","1","0","1"
"2312","1","0","1"
"2313","1","0","1"
"3706","1","0","1"
"3708","0","1","1"
"6253","1","0","1"
"5418","1","0","1"
"5429","1","0","1"
"5431","1","0","1"
"5435","1","0","1"
"5436","1","0","1"
"558","1","0","1"
"5438","1","0","1"
"551","1","0","1"
"550","1","0","1"
"5460","1","0","1"
"5461","1","0","1"
"548","1","0","1"
"5473","1","0","1"
"5476","1","0","1"
"5477","1","0","1"
"5483","1","0","1"
"5486","1","0","1"
"540","1","0","1"
"5488","1","0","1"
"5490","1","0","1"
"5491","1","0","1"
"5494","1","0","1"
"5422","1","0","1"
"5416","1","0","1"
"5633","1","0","1"
"5414","0","1","1"
"5353","1","0","1"
"5355","1","0","1"
"5356","1","0","1"
"5357","1","0","1"
"5358","1","0","1"
"5362","0","1","1"
"5365","1","0","1"
"5367","1","0","1"
"5370","1","0","1"
"5371","1","0","1"
"5372","1","0","1"
"5373","1","0","1"
"5374","1","0","1"
"5376","1","0","1"
"5377","1","0","1"
"569","1","0","1"
"5385","1","0","1"
"5395","1","0","1"
"5397","1","0","1"
"5410","1","0","1"
"5413","1","0","1"
"5496","1","0","1"
"5497","1","0","1"
"5500","1","0","1"
"5505","1","0","1"
"5571","1","0","1"
"5572","1","0","1"
"5573","1","0","1"
"5576","1","0","1"
"5578","1","0","1"
"5587","1","0","1"
"5594","1","0","1"
"5595","1","0","1"
"523","1","0","1"
"5598","1","0","1"
"5599","1","0","1"
"5602","1","0","1"
"522","1","0","1"
"5607","1","0","1"
"5609","1","0","1"
"5611","1","0","1"
"520","1","0","1"
"5613","1","0","1"
"519","1","0","1"
"5625","1","0","1"
"5628","1","0","1"
"5567","1","0","1"
"5566","1","0","1"
"527","1","0","1"
"532","1","0","1"
"5507","1","0","1"
"5508","1","0","1"
"5510","1","0","1"
"5517","1","0","1"
"5518","1","0","1"
"5519","1","0","1"
"5522","1","0","1"
"5523","1","0","1"
"5525","1","0","1"
"5530","1","0","1"
"5561","1","0","1"
"5535","1","0","1"
"5537","1","0","1"
"5541","1","0","1"
"5542","1","0","1"
"529","1","0","1"
"5548","1","0","1"
"528","1","0","1"
"5554","1","0","1"
"5555","1","0","1"
"5348","1","0","1"
"5346","1","0","1"
"5345","1","0","1"
"610","1","0","1"
"5093","1","0","1"
"5097","1","0","1"
"5105","1","0","1"
"5109","1","0","1"
"621","1","0","1"
"5112","1","0","1"
"5116","1","0","1"
"5122","1","0","1"
"5124","1","0","1"
"5127","1","0","1"
"5128","1","0","1"
"5129","1","0","1"
"5135","1","0","1"
"5136","1","0","1"
"5138","1","0","1"
"5145","0","1","1"
"5158","1","0","1"
"5159","1","0","1"
"5161","1","0","1"
"612","1","0","1"
"5163","1","0","1"
"5091","1","0","1"
"5088","1","0","1"
"5087","1","0","1"
"5035","1","0","1"
"4996","1","0","1"
"655","1","0","1"
"5000","1","0","1"
"5001","1","0","1"
"654","1","0","1"
"5005","1","0","1"
"5018","1","0","1"
"5019","1","0","1"
"5031","1","0","1"
"5047","1","0","1"
"5086","1","0","1"
"5052","1","0","1"
"5057","1","0","1"
"5062","1","0","1"
"5063","1","0","1"
"5065","1","0","1"
"5071","1","0","1"
"5077","1","0","1"
"638","1","0","1"
"5084","1","0","1"
"5167","1","0","1"
"605","1","0","1"
"5337","1","0","1"
"602","1","0","1"
"5252","1","0","1"
"5265","1","0","1"
"5269","1","0","1"
"5277","1","0","1"
"5278","1","0","1"
"5280","1","0","1"
"5281","1","0","1"
"5287","1","0","1"
"5290","1","0","1"
"5291","1","0","1"
"5294","1","0","1"
"577","1","0","1"
"5299","1","0","1"
"5300","1","0","1"
"5314","1","0","1"
"5315","1","0","1"
"5322","1","0","1"
"573","1","0","1"
"5328","1","0","1"
"5330","1","0","1"
"571","1","0","1"
"5251","1","0","1"
"5249","1","0","1"
"5244","1","0","1"
"5216","1","0","1"
"5183","1","0","1"
"599","1","0","1"
"596","1","0","1"
"5192","1","0","1"
"594","1","0","1"
"5209","1","0","1"
"5213","1","0","1"
"5214","1","0","1"
"593","1","0","1"
"5218","1","0","1"
"5242","1","0","1"
"5219","1","0","1"
"5220","1","0","1"
"5221","1","0","1"
"5224","1","0","1"
"5225","1","0","1"
"5227","1","0","1"
"5228","1","0","1"
"5229","1","0","1"
"5230","1","0","1"
"5629","1","0","1"
"5636","1","0","1"
"4985","1","0","1"
"6037","1","0","1"
"6042","1","0","1"
"408","1","0","1"
"6048","1","0","1"
"6050","1","0","1"
"6051","1","0","1"
"6052","1","0","1"
"6053","1","0","1"
"6056","1","0","1"
"6057","1","0","1"
"6058","1","0","1"
"6060","1","0","1"
"6061","1","0","1"
"6063","1","0","1"
"6066","1","0","1"
"6067","1","0","1"
"401","1","0","1"
"6073","1","0","1"
"6074","1","0","1"
"6077","1","0","1"
"6079","1","0","1"
"6089","1","0","1"
"6039","1","0","1"
"6036","1","0","1"
"5645","1","0","1"
"6035","1","0","1"
"5983","1","0","1"
"5985","1","0","1"
"5986","1","0","1"
"5987","1","0","1"
"5989","1","0","1"
"5990","1","0","1"
"5992","1","0","1"
"418","1","0","1"
"6002","1","0","1"
"6003","1","0","1"
"413","1","0","1"
"6005","1","0","1"
"6014","1","0","1"
"6018","1","0","1"
"6019","1","0","1"
"6022","1","0","1"
"6025","0","1","1"
"6028","1","0","1"
"6030","1","0","1"
"6033","1","0","1"
"6034","1","0","1"
"6091","1","0","1"
"6092","1","0","1"
"6100","1","0","1"
"6101","0","1","1"
"6185","1","0","1"
"6186","1","0","1"
"6187","1","0","1"
"6188","1","0","1"
"6191","1","0","1"
"6193","1","0","1"
"6199","1","0","1"
"6203","1","0","1"
"6205","1","0","1"
"6206","1","0","1"
"6214","1","0","1"
"6215","1","0","1"
"6222","1","0","1"
"6224","1","0","1"
"6228","1","0","1"
"384","1","0","1"
"6236","1","0","1"
"6240","1","0","1"
"382","1","0","1"
"6244","1","0","1"
"6247","1","0","1"
"6183","1","0","1"
"6181","1","0","1"
"6178","1","0","1"
"6143","1","0","1"
"6110","1","0","1"
"6112","1","0","1"
"6113","1","0","1"
"6120","1","0","1"
"6129","1","0","1"
"6130","1","0","1"
"6139","1","0","1"
"6141","1","0","1"
"6142","1","0","1"
"6144","1","0","1"
"6175","1","0","1"
"6145","1","0","1"
"6147","1","0","1"
"6150","1","0","1"
"393","1","0","1"
"6152","1","0","1"
"6153","1","0","1"
"6155","1","0","1"
"6158","1","0","1"
"6168","1","0","1"
"5978","1","0","1"
"5971","0","1","1"
"5970","1","0","1"
"5774","1","0","1"
"5711","1","0","1"
"5712","1","0","1"
"5717","1","0","1"
"5718","1","0","1"
"5726","0","1","1"
"5729","1","0","1"
"5730","1","0","1"
"5733","1","0","1"
"5735","1","0","1"
"492","1","0","1"
"490","1","0","1"
"5744","1","0","1"
"5746","1","0","1"
"5748","1","0","1"
"5751","1","0","1"
"5752","1","0","1"
"5755","1","0","1"
"5764","1","0","1"
"5765","1","0","1"
"5766","1","0","1"
"5767","0","1","1"
"5710","1","0","1"
"5703","1","0","1"
"5698","1","0","1"
"5678","1","0","1"
"5648","1","0","1"
"516","1","0","1"
"5652","1","0","1"
"5653","1","0","1"
"5659","1","0","1"
"5665","0","1","1"
"5669","1","0","1"
"5674","1","0","1"
"5676","1","0","1"
"5679","0","1","1"
"504","1","0","1"
"5682","1","0","1"
"509","1","0","1"
"5685","1","0","1"
"5687","1","0","1"
"5688","1","0","1"
"5689","1","0","1"
"5690","1","0","1"
"507","1","0","1"
"5695","1","0","1"
"486","1","0","1"
"481","1","0","1"
"5967","1","0","1"
"480","1","0","1"
"438","1","0","1"
"5874","1","0","1"
"5875","1","0","1"
"5876","1","0","1"
"5878","1","0","1"
"437","1","0","1"
"5888","1","0","1"
"5889","1","0","1"
"436","1","0","1"
"5895","1","0","1"
"5903","1","0","1"
"5907","1","0","1"
"5910","1","0","1"
"5917","1","0","1"
"5924","1","0","1"
"5937","1","0","1"
"5941","1","0","1"
"5943","1","0","1"
"5944","1","0","1"
"5959","1","0","1"
"5964","1","0","1"
"5866","1","0","1"
"5864","1","0","1"
"441","1","0","1"
"468","1","0","1"
"5781","1","0","1"
"5782","0","1","1"
"5786","1","0","1"
"5789","1","0","1"
"5790","1","0","1"
"5794","1","0","1"
"476","1","0","1"
"473","1","0","1"
"472","1","0","1"
"450","1","0","1"
"443","1","0","1"
"5833","1","0","1"
"446","1","0","1"
"5840","1","0","1"
"5841","1","0","1"
"5842","1","0","1"
"5852","1","0","1"
"5853","1","0","1"
"5854","1","0","1"
"5856","1","0","1"
"4995","1","0","1"
"4979","1","0","1"
"3711","1","0","1"
"4166","1","0","1"
"4168","0","1","1"
"4170","1","0","1"
"4174","1","0","1"
"4176","1","0","1"
"4177","1","0","1"
"4180","1","0","1"
"4184","1","0","1"
"4185","1","0","1"
"4195","1","0","1"
"4198","1","0","1"
"4202","1","0","1"
"4203","1","0","1"
"4206","1","0","1"
"4207","1","0","1"
"4209","1","0","1"
"4210","1","0","1"
"4217","1","0","1"
"847","1","0","1"
"4225","1","0","1"
"845","1","0","1"
"843","1","0","1"
"4167","1","0","1"
"4165","1","0","1"
"4389","0","1","1"
"4154","1","0","1"
"4085","1","0","1"
"4090","1","0","1"
"4091","1","0","1"
"4092","1","0","1"
"4093","1","0","1"
"4096","1","0","1"
"4097","1","0","1"
"4100","1","0","1"
"4105","1","0","1"
"4106","1","0","1"
"4107","1","0","1"
"4108","1","0","1"
"4109","1","0","1"
"4122","1","0","1"
"4131","1","0","1"
"4132","1","0","1"
"867","1","0","1"
"4139","1","0","1"
"4143","1","0","1"
"4146","1","0","1"
"4153","1","0","1"
"4236","1","0","1"
"4238","1","0","1"
"4240","1","0","1"
"4241","1","0","1"
"4321","1","0","1"
"4322","1","0","1"
"4328","1","0","1"
"4334","1","0","1"
"819","1","0","1"
"4336","1","0","1"
"4337","1","0","1"
"4340","1","0","1"
"4346","1","0","1"
"4348","1","0","1"
"4352","1","0","1"
"4357","1","0","1"
"4358","1","0","1"
"4360","1","0","1"
"4362","1","0","1"
"4368","1","0","1"
"4370","1","0","1"
"4372","1","0","1"
"4378","1","0","1"
"4380","1","0","1"
"4381","1","0","1"
"821","1","0","1"
"4306","1","0","1"
"4305","1","0","1"
"4264","0","1","1"
"4242","1","0","1"
"4243","1","0","1"
"4244","1","0","1"
"4246","1","0","1"
"4248","1","0","1"
"4249","1","0","1"
"4251","1","0","1"
"4259","1","0","1"
"4260","1","0","1"
"835","1","0","1"
"4304","1","0","1"
"4267","1","0","1"
"4274","1","0","1"
"4277","1","0","1"
"4278","1","0","1"
"4279","1","0","1"
"4280","1","0","1"
"4283","1","0","1"
"4284","1","0","1"
"4296","1","0","1"
"4083","1","0","1"
"4080","1","0","1"
"874","1","0","1"
"3896","1","0","1"
"940","1","0","1"
"3817","1","0","1"
"3824","1","0","1"
"3829","1","0","1"
"3834","1","0","1"
"3836","1","0","1"
"3837","1","0","1"
"3840","1","0","1"
"3841","1","0","1"
"3844","1","0","1"
"3848","1","0","1"
"3858","1","0","1"
"3864","1","0","1"
"3878","1","0","1"
"3882","1","0","1"
"3883","1","0","1"
"927","1","0","1"
"3886","1","0","1"
"3891","1","0","1"
"924","1","0","1"
"3894","1","0","1"
"3810","1","0","1"
"3805","1","0","1"
"3801","1","0","1"
"3757","1","0","1"
"3712","1","0","1"
"3715","1","0","1"
"3718","1","0","1"
"965","1","0","1"
"3727","1","0","1"
"3730","1","0","1"
"3733","1","0","1"
"3746","1","0","1"
"3753","1","0","1"
"3758","1","0","1"
"951","1","0","1"
"3759","1","0","1"
"3760","1","0","1"
"3765","1","0","1"
"3774","1","0","1"
"3781","1","0","1"
"3783","1","0","1"
"3784","1","0","1"
"3791","1","0","1"
"3795","1","0","1"
"3895","1","0","1"
"923","1","0","1"
"4075","1","0","1"
"3901","1","0","1"
"3997","1","0","1"
"4005","1","0","1"
"4010","1","0","1"
"4025","1","0","1"
"4028","1","0","1"
"4035","1","0","1"
"892","1","0","1"
"891","1","0","1"
"4038","1","0","1"
"890","1","0","1"
"889","1","0","1"
"888","1","0","1"
"4048","1","0","1"
"4050","1","0","1"
"4057","1","0","1"
"4061","1","0","1"
"4064","1","0","1"
"4067","1","0","1"
"4069","1","0","1"
"880","1","0","1"
"876","1","0","1"
"3990","1","0","1"
"3987","1","0","1"
"3986","1","0","1"
"3936","1","0","1"
"919","1","0","1"
"3904","1","0","1"
"3906","1","0","1"
"3907","1","0","1"
"917","1","0","1"
"3923","1","0","1"
"3927","1","0","1"
"3931","1","0","1"
"3935","1","0","1"
"3941","1","0","1"
"3981","1","0","1"
"3943","1","0","1"
"3944","1","0","1"
"3952","1","0","1"
"3953","1","0","1"
"3957","1","0","1"
"3963","1","0","1"
"3964","1","0","1"
"3966","1","0","1"
"3968","1","0","1"
"4382","1","0","1"
"4393","1","0","1"
"4978","1","0","1"
"4762","1","0","1"
"4766","1","0","1"
"4773","1","0","1"
"4785","1","0","1"
"4787","1","0","1"
"4790","1","0","1"
"721","1","0","1"
"720","1","0","1"
"4794","1","0","1"
"718","1","0","1"
"716","1","0","1"
"4800","1","0","1"
"4801","1","0","1"
"4803","1","0","1"
"4804","1","0","1"
"4806","1","0","1"
"4807","1","0","1"
"4810","1","0","1"
"1650","1","0","1"
"4817","1","0","1"
"4819","1","0","1"
"4823","1","0","1"
"4763","1","0","1"
"4761","1","0","1"
"4394","1","0","1"
"4759","1","0","1"
"4701","1","0","1"
"4702","1","0","1"
"4703","1","0","1"
"4704","1","0","1"
"4707","1","0","1"
"4708","1","0","1"
"4711","1","0","1"
"735","1","0","1"
"734","1","0","1"
"4716","1","0","1"
"731","1","0","1"
"4720","1","0","1"
"4723","1","0","1"
"4727","1","0","1"
"4736","1","0","1"
"4738","1","0","1"
"4740","1","0","1"
"4752","1","0","1"
"4753","1","0","1"
"4754","1","0","1"
"4755","1","0","1"
"709","1","0","1"
"4826","1","0","1"
"703","1","0","1"
"4830","1","0","1"
"4908","1","0","1"
"4911","1","0","1"
"4913","1","0","1"
"4916","1","0","1"
"4917","1","0","1"
"4918","1","0","1"
"4919","1","0","1"
"4921","1","0","1"
"4927","1","0","1"
"4931","1","0","1"
"4935","1","0","1"
"683","1","0","1"
"4945","1","0","1"
"4950","1","0","1"
"4951","1","0","1"
"4957","1","0","1"
"676","1","0","1"
"4965","1","0","1"
"4969","1","0","1"
"4971","1","0","1"
"669","1","0","1"
"4905","1","0","1"
"4900","1","0","1"
"4897","1","0","1"
"4858","1","0","1"
"4834","1","0","1"
"4835","1","0","1"
"4836","1","0","1"
"4839","1","0","1"
"4841","1","0","1"
"4845","1","0","1"
"4847","1","0","1"
"4848","1","0","1"
"4857","1","0","1"
"4861","1","0","1"
"4896","0","1","1"
"4863","1","0","1"
"4867","1","0","1"
"4868","1","0","1"
"4869","1","0","1"
"4871","1","0","1"
"4872","1","0","1"
"4873","1","0","1"
"4886","0","1","1"
"4890","1","0","1"
"4700","1","0","1"
"4699","1","0","1"
"4698","1","0","1"
"776","1","0","1"
"4464","1","0","1"
"4467","1","0","1"
"4469","1","0","1"
"4470","1","0","1"
"4473","1","0","1"
"4475","1","0","1"
"4478","1","0","1"
"4479","1","0","1"
"785","1","0","1"
"4490","1","0","1"
"4491","1","0","1"
"4493","1","0","1"
"4494","1","0","1"
"4495","1","0","1"
"4497","1","0","1"
"4498","1","0","1"
"4503","1","0","1"
"783","1","0","1"
"4508","1","0","1"
"4516","1","0","1"
"4521","0","1","1"
"4462","1","0","1"
"4457","1","0","1"
"4454","1","0","1"
"4413","0","1","1"
"4396","1","0","1"
"4397","1","0","1"
"4399","1","0","1"
"807","1","0","1"
"4404","1","0","1"
"4405","1","0","1"
"4406","1","0","1"
"4407","1","0","1"
"4408","1","0","1"
"4414","1","0","1"
"4452","1","0","1"
"4418","1","0","1"
"4423","1","0","1"
"4427","1","0","1"
"4439","1","0","1"
"4444","1","0","1"
"4445","1","0","1"
"799","1","0","1"
"4449","1","0","1"
"4450","1","0","1"
"4523","1","0","1"
"4538","1","0","1"
"4697","1","0","1"
"4539","0","1","1"
"4619","1","0","1"
"4622","1","0","1"
"4627","1","0","1"
"4629","1","0","1"
"4635","1","0","1"
"4636","1","0","1"
"4638","1","0","1"
"4641","1","0","1"
"4644","1","0","1"
"4649","1","0","1"
"753","1","0","1"
"4660","1","0","1"
"4667","1","0","1"
"4668","1","0","1"
"4670","1","0","1"
"4675","1","0","1"
"4683","1","0","1"
"4692","1","0","1"
"4694","1","0","1"
"4695","1","0","1"
"4696","1","0","1"
"4617","1","0","1"
"4615","1","0","1"
"755","1","0","1"
"4593","1","0","1"
"4540","1","0","1"
"4541","0","1","1"
"4545","1","0","1"
"4554","1","0","1"
"4555","1","0","1"
"4556","1","0","1"
"4568","1","0","1"
"4569","1","0","1"
"767","1","0","1"
"4594","1","0","1"
"4612","1","0","1"
"4596","1","0","1"
"4597","1","0","1"
"760","1","0","1"
"4599","1","0","1"
"4601","1","0","1"
"4603","1","0","1"
"4607","1","0","1"
"4608","1","0","1"
"4611","1","0","1"
"3909","1","0","1"
